0.00523758 0
0.00523563 0.00390625

0.00523563 0.00390625
0.00522979 0.0078125

0.00522978 0.0078125
0.00522008 0.0117188

0.00522007 0.0117188
0.00520654 0.015625

0.00520652 0.015625
0.0051892 0.0195312

0.00518918 0.0195312
0.00516815 0.0234375

0.00516812 0.0234375
0.00514346 0.0273438

0.00514343 0.0273438
0.00511524 0.03125

0.00511521 0.03125
0.00508363 0.0351562

0.00508359 0.0351562
0.00504874 0.0390625

0.0050487 0.0390625
0.00501076 0.0429688

0.00501071 0.0429688
0.00496985 0.046875

0.0049698 0.046875
0.00492621 0.0507812

0.00492616 0.0507812
0.00488005 0.0546875

0.00487999 0.0546875
0.00483159 0.0585938

0.00483153 0.0585938
0.00478107 0.0625

0.00478101 0.0625
0.00472874 0.0664062

0.00472867 0.0664062
0.00467485 0.0703125

0.00467478 0.0703125
0.00461967 0.0742188

0.00461961 0.0742188
0.00456349 0.078125

0.00456342 0.078125
0.00450656 0.0820312

0.00450649 0.0820312
0.00444917 0.0859375

0.00444911 0.0859375
0.0043916 0.0898438

0.00439153 0.0898438
0.0043341 0.09375

0.00433404 0.09375
0.00427695 0.0976562

0.00427689 0.0976562
0.00422037 0.101562

0.00422032 0.101562
0.00416461 0.105469

0.00416456 0.105469
0.00410986 0.109375

0.00410982 0.109375
0.0040563 0.113281

0.00405627 0.113281
0.00400408 0.117188

0.00390625 0.121477
0.00385957 0.125

0.00400934 0.117188
0.00394802 0.121094

0.00390625 0.123655
0.00397439 0.121094

0.00380089 0.125
0.00374082 0.128906

0.00368508 0.128906
0.00363357 0.132812

0.00357602 0.132812
0.00352763 0.136719

0.003471 0.136719
0.0034255 0.140625

0.00336993 0.140625
0.0033271 0.144531

0.00327269 0.144531
0.00323234 0.148438

0.00317917 0.148438
0.00314111 0.152344

0.00308922 0.152344
0.00305327 0.15625

0.00300267 0.15625
0.00296866 0.160156

0.00291932 0.160156
0.0028871 0.164062

0.00283898 0.164062
0.00280836 0.167969

0.0027614 0.167969
0.00273223 0.171875

0.00268632 0.171875
0.00265845 0.175781

0.0026135 0.175781
0.00258679 0.179688

0.00254267 0.179688
0.00251697 0.183594

0.00247357 0.183594
0.00244878 0.1875

0.00240599 0.1875
0.00238199 0.191406

0.0023397 0.191406
0.00231642 0.195312

0.00227456 0.195312
0.00225192 0.199219

0.00221043 0.199219
0.00218839 0.203125

0.00214726 0.203125
0.00212579 0.207031

0.00208504 0.207031
0.00206413 0.210938

0.00202382 0.210938
0.00200348 0.214844

0.00196371 0.214844
0.00194398 0.21875

0.00190486 0.21875
0.00188579 0.222656

0.00184748 0.222656
0.00182911 0.226562

0.00179179 0.226562
0.00177419 0.230469

0.00173804 0.230469
0.00172127 0.234375

0.00168648 0.234375
0.00167058 0.238281

0.00163731 0.238281
0.00162233 0.242188

0.00159071 0.242188
0.00157668 0.246094

0.00154683 0.246094
0.00153374 0.25

0.00150571 0.25
0.00149356 0.253906

0.00146736 0.253906
0.00145612 0.257812

0.00143171 0.257812
0.00142132 0.261719

0.0013986 0.261719
0.001389 0.265625

0.00136786 0.265625
0.00135897 0.269531

0.00133925 0.269531
0.001331 0.273438

0.00131253 0.273438
0.00130482 0.277344

0.00128743 0.277344
0.00128019 0.28125

0.00126371 0.28125
0.00125687 0.285156

0.00124116 0.285156
0.00123466 0.289062

0.00121961 0.289062
0.0012134 0.292969

0.00119893 0.292969
0.00119298 0.296875

0.00117906 0.296875
0.00117336 0.300781

0.00115998 0.300781
0.00115454 0.304688

0.00114173 0.304688
0.00113657 0.308594

0.00112441 0.308594
0.00111955 0.3125

0.00110812 0.3125
0.0011036 0.316406

0.00109302 0.316406
0.00108888 0.320312

0.00107925 0.320312
0.00107553 0.324219

0.00106694 0.324219
0.00106367 0.328125

0.0010562 0.328125
0.0010534 0.332031

0.0010471 0.332031
0.00104479 0.335938

0.00103966 0.335938
0.00103781 0.339844

0.00103382 0.339844
0.00103242 0.34375

0.00102948 0.34375
0.00102848 0.347656

0.00102647 0.347656
0.00102581 0.351562

0.00102459 0.351562
0.00102421 0.355469

0.0010236 0.355469
0.00102344 0.359375

0.00102328 0.359375
0.00102326 0.363281

0.00102339 0.363281
0.00102347 0.367188

0.00102376 0.367188
0.00102388 0.371094

0.00102423 0.371094
0.00102436 0.375

0.0010247 0.375
0.00102483 0.378906

0.00102511 0.378906
0.00102521 0.382812

0.00102543 0.382812
0.00102551 0.386719

0.00102566 0.386719
0.0010257 0.390625

0.00102578 0.390625
0.0010258 0.394531

0.00102581 0.394531
0.0010258 0.398438

0.00102574 0.398438
0.0010257 0.402344

0.00102557 0.402344
0.0010255 0.40625

0.00102529 0.40625
0.0010252 0.410156

0.00102492 0.410156
0.0010248 0.414062

0.00102447 0.414062
0.00102433 0.417969

0.00102396 0.417969
0.00102382 0.421875

0.00102345 0.421875
0.00102331 0.425781

0.00102298 0.425781
0.00102287 0.429688

0.00102261 0.429688
0.00102252 0.433594

0.00102236 0.433594
0.00102232 0.4375

0.00102228 0.4375
0.00102229 0.441406

0.00102238 0.441406
0.00102245 0.445312

0.00102268 0.445312
0.0010228 0.449219

0.00102316 0.449219
0.00102334 0.453125

0.00102384 0.453125
0.00102406 0.457031

0.00102469 0.457031
0.00102497 0.460938

0.00102573 0.460938
0.00102607 0.464844

0.00102696 0.464844
0.00102736 0.46875

0.00102839 0.46875
0.00102884 0.472656

0.00103004 0.472656
0.00103055 0.476562

0.00103191 0.476562
0.0010325 0.480469

0.00103404 0.480469
0.00103471 0.484375

0.00103647 0.484375
0.00103722 0.488281

0.0010392 0.488281
0.00104004 0.492188

0.00104225 0.492188
0.0010432 0.496094

0.00104566 0.496094
0.00104671 0.5

0.00104942 0.5
0.00105057 0.503906

0.00105353 0.503906
0.00105478 0.507812

0.00105797 0.507812
0.00105931 0.511719

0.00106274 0.511719
0.00106419 0.515625

0.00106785 0.515625
0.00106939 0.519531

0.00107329 0.519531
0.00107494 0.523438

0.00107908 0.523438
0.00108083 0.527344

0.00108524 0.527344
0.00108711 0.53125

0.00109181 0.53125
0.00109381 0.535156

0.00109884 0.535156
0.00110098 0.539062

0.00110638 0.539062
0.00110869 0.542969

0.00111452 0.542969
0.00111702 0.546875

0.00112331 0.546875
0.00112602 0.550781

0.00113282 0.550781
0.00113575 0.554688

0.0011431 0.554688
0.00114627 0.558594

0.00115419 0.558594
0.00115761 0.5625

0.00116613 0.5625
0.00116982 0.566406

0.00117899 0.566406
0.00118298 0.570312

0.00119288 0.570312
0.00119722 0.574219

0.00120798 0.574219
0.00121273 0.578125

0.00122454 0.578125
0.0012298 0.582031

0.00124287 0.582031
0.00124874 0.585938

0.00126332 0.585938
0.00126991 0.589844

0.00128627 0.589844
0.00129373 0.59375

0.00131217 0.59375
0.00132064 0.597656

0.00134151 0.597656
0.00135119 0.601562

0.00137493 0.601562
0.00138606 0.605469

0.00141321 0.605469
0.0014261 0.609375

0.00145731 0.609375
0.00147237 0.613281

0.00150856 0.613281
0.0015264 0.617188

0.00156902 0.617188
0.0015906 0.621094

0.0016418 0.621094
0.00166847 0.625

0.00173099 0.625
0.00176473 0.628906

0.00184266 0.628906
0.00188622 0.632812

0.00198431 0.632812
0.0020414 0.636719

0.0021637 0.636719
0.00224206 0.640625

0.00240725 0.640625
0.00251588 0.644531

0.00270212 0.644531
0.00288993 0.648438

0.00327767 0.648438
0.00354787 0.652344

0.00369178 0.652344
0.00390625 0.654353

0.00390625 0.65351
0.00437182 0.65625

0.00431508 0.65625
0.00516505 0.660156

0.00513641 0.660156
0.00629226 0.664062

0.0062941 0.664062
0.00780944 0.667969

0.0078125 0.668048
0.00971617 0.671875

0.00972869 0.671875
0.0117188 0.675084

0.0117188 0.6751
0.0121409 0.675781

0.0121127 0.675781
0.0150659 0.679688

0.0150983 0.679688
0.015625 0.680308

0.015625 0.68033
0.0186446 0.683594

0.0186742 0.683594
0.0195312 0.684424

0.0195312 0.684443
0.0230531 0.6875

0.0230456 0.6875
0.0234375 0.687813

0.0234375 0.687798
0.0273438 0.690613

0.0273438 0.690603
0.0286789 0.691406

0.0287043 0.691406
0.03125 0.692937

0.03125 0.692924
0.0351562 0.694883

0.0351562 0.694882
0.0361948 0.695312

0.0362152 0.695312
0.0390625 0.696494

0.0390625 0.696485
0.0429688 0.697804

0.0429688 0.697798
0.046875 0.698847

0.046875 0.698844
0.0487161 0.699219

0.0487236 0.699219
0.0507812 0.699638

0.0507812 0.699634
0.0546875 0.700194

0.0546875 0.70019
0.0585938 0.700532

0.0585938 0.700529
0.0625 0.700666

0.0625 0.700662
0.0664062 0.700609

0.0664062 0.700607
0.0703125 0.700376

0.0703125 0.700371
0.0742188 0.699977

0.0742188 0.699971
0.078125 0.699436

0.0820312 0.698779
0.0793819 0.699219

0.078125 0.699433
0.0794171 0.699219

0.0820312 0.69877
0.0859375 0.698043

0.0859375 0.698031
0.0898438 0.697272

0.0898438 0.697252
0.09375 0.696522

0.09375 0.696489
0.0976562 0.695893

0.0976562 0.695856
0.101562 0.695532

0.101562 0.695458
0.105469 0.695626

0.105469 0.695544
0.109375 0.696517

0.109375 0.696471
0.113281 0.698505

0.113281 0.698558
0.114202 0.699219

0.114152 0.699219
0.117188 0.70168

0.117188 0.70191
0.118426 0.703125

0.118552 0.703125
0.121094 0.705863

0.121094 0.706069
0.121938 0.707031

0.122025 0.707031
0.125 0.710509

0.125 0.710716
0.125188 0.710938

0.125295 0.710938
0.128685 0.714844

0.12867 0.714844
0.128906 0.715108

0.128906 0.715123
0.132273 0.71875

0.132276 0.71875
0.132812 0.719301

0.132812 0.719317
0.136245 0.722656

0.136258 0.722656
0.136719 0.723085

0.136719 0.723092
0.140625 0.726558

0.140625 0.726513
0.140683 0.726562

0.140651 0.726562
0.144531 0.729753

0.144531 0.729709
0.145508 0.730469

0.145474 0.730469
0.148438 0.732777

0.148438 0.732751
0.15059 0.734375

0.150559 0.734375
0.152344 0.735705

0.152344 0.735698
0.155777 0.738281

0.155771 0.738281
0.15625 0.738638

0.15625 0.738631
0.160156 0.74159

0.160156 0.741577
0.160964 0.742188

0.16094 0.742188
0.164062 0.74459

0.164062 0.744601
0.165997 0.746094

0.165972 0.746094
0.167969 0.747641

0.167969 0.747654
0.170928 0.75

0.170924 0.75
0.171875 0.750748

0.171875 0.750755
0.175781 0.75387

0.175781 0.753875
0.175821 0.753906

0.175821 0.753906
0.179688 0.756989

0.179688 0.756995
0.180727 0.757812

0.180722 0.757812
0.183594 0.760091

0.183594 0.760102
0.185667 0.761719

0.185643 0.761719
0.1875 0.763155

0.1875 0.763169
0.190649 0.765625

0.190644 0.765625
0.191406 0.766212

0.191406 0.766215
0.195312 0.769234

0.195312 0.769227
0.195712 0.769531

0.195701 0.769531
0.199219 0.772227

0.199219 0.772235
0.20083 0.773438

0.20081 0.773438
0.203125 0.775193

0.203125 0.775195
0.205971 0.777344

0.20596 0.777344
0.207031 0.778138

0.207031 0.778144
0.210938 0.781073

0.210938 0.781065
0.211187 0.78125

0.211175 0.78125
0.214844 0.783982

0.214844 0.783989
0.216444 0.785156

0.21643 0.785156
0.21875 0.786871

0.21875 0.786871
0.221732 0.789062

0.221722 0.789062
0.222656 0.789736

0.222656 0.789742
0.226562 0.79259

0.226562 0.792586
0.227098 0.792969

0.227085 0.792969
0.230469 0.795418

0.230469 0.795419
0.232499 0.796875

0.232491 0.796875
0.234375 0.798222

0.234375 0.798225
0.23796 0.800781

0.237958 0.800781
0.238281 0.801008

0.238281 0.80101
0.242188 0.803774

0.242188 0.803778
0.243501 0.804688

0.243489 0.804688
0.246094 0.806516

0.246094 0.806515
0.249078 0.808594

0.249065 0.808594
0.25 0.809228

0.25 0.809237
0.253906 0.811935

0.253906 0.811938
0.254746 0.8125

0.254731 0.8125
0.257812 0.814612

0.257812 0.814611
0.260453 0.816406

0.260445 0.816406
0.261719 0.817263

0.261719 0.817267
0.265625 0.819901

0.265625 0.819902
0.266254 0.820312

0.26624 0.820312
0.269531 0.822513

0.269531 0.822512
0.272104 0.824219

0.272099 0.824219
0.273438 0.825101

0.273438 0.825103
0.277344 0.827671

0.277344 0.827673
0.278051 0.828125

0.278039 0.828125
0.28125 0.830218

0.28125 0.830218
0.284056 0.832031

0.28405 0.832031
0.285156 0.83274

0.285156 0.832743
0.289062 0.835245

0.289062 0.835246
0.290157 0.835938

0.290151 0.835938
0.292969 0.837727

0.292969 0.837727
0.296332 0.839844

0.296326 0.839844
0.296875 0.840182

0.296875 0.840186
0.300781 0.842623

0.300781 0.842622
0.302605 0.84375

0.302603 0.84375
0.304688 0.845039

0.304688 0.845038
0.308594 0.847432

0.308594 0.847431
0.308971 0.847656

0.308962 0.847656
0.3125 0.849805

0.3125 0.849804
0.315422 0.851562

0.31542 0.851562
0.316406 0.852154

0.316406 0.852154
0.320312 0.854483

0.320312 0.854482
0.321983 0.855469

0.32198 0.855469
0.324219 0.856791

0.324219 0.85679
0.328125 0.859076

0.328125 0.859074
0.328647 0.859375

0.328641 0.859375
0.332031 0.86134

0.332031 0.86134
0.335412 0.863281

0.335411 0.863281
0.335938 0.863582

0.335938 0.863583
0.339844 0.865805

0.339844 0.865804
0.342299 0.867188

0.342297 0.867188
0.34375 0.868006

0.34375 0.868005
0.347656 0.870185

0.347656 0.870184
0.349302 0.871094

0.349299 0.871094
0.351562 0.872345

0.351562 0.872344
0.355469 0.874482

0.355469 0.87448
0.356427 0.875

0.356423 0.875
0.359375 0.8766

0.359375 0.8766
0.363281 0.878697

0.363281 0.878694
0.36368 0.878906

0.363675 0.878906
0.367188 0.880774

0.367188 0.880773
0.371061 0.882812

0.371061 0.882812
0.371094 0.88283

0.371094 0.88283
0.375 0.884866

0.375 0.884866
0.37859 0.886719

0.378589 0.886719
0.378906 0.886882

0.378906 0.886882
0.382812 0.888878

0.382812 0.888878
0.386265 0.890625

0.386265 0.890625
0.386719 0.890855

0.386719 0.890855
0.390625 0.892811

0.390625 0.892811
0.394094 0.894531

0.394094 0.894531
0.394531 0.894748

0.394531 0.894748
0.398438 0.896665

0.398438 0.896665
0.402086 0.898438

0.402086 0.898438
0.402344 0.898563

0.402344 0.898563
0.40625 0.900441

0.40625 0.900441
0.410156 0.9023

0.410156 0.902297
0.410256 0.902344

0.410249 0.902344
0.414062 0.90414

0.414062 0.90414
0.417969 0.90596

0.417969 0.905958
0.418603 0.90625

0.418596 0.90625
0.421875 0.907762

0.421875 0.907761
0.425781 0.909543

0.425781 0.909542
0.427142 0.910156

0.427137 0.910156
0.429688 0.911307

0.429688 0.911307
0.433594 0.913051

0.433594 0.91305
0.435885 0.914062

0.435883 0.914062
0.4375 0.914777

0.4375 0.914776
0.441406 0.916482

0.441406 0.916483
0.444846 0.917969

0.444845 0.917969
0.445312 0.918171

0.445312 0.91817
0.449219 0.919839

0.449219 0.919839
0.453125 0.92149

0.453125 0.921488
0.454052 0.921875

0.454046 0.921875
0.457031 0.923122

0.457031 0.923122
0.460938 0.924735

0.460938 0.924735
0.463501 0.925781

0.463499 0.925781
0.464844 0.92633

0.464844 0.92633
0.46875 0.927906

0.46875 0.927906
0.472656 0.929464

0.472656 0.929462
0.473229 0.929688

0.473221 0.929688
0.476562 0.931005

0.476562 0.931004
0.480469 0.932526

0.480469 0.932526
0.483244 0.933594

0.483242 0.933594
0.484375 0.93403

0.484375 0.934029
0.488281 0.935515

0.488281 0.935515
0.492188 0.936982

0.492188 0.936981
0.493586 0.9375

0.493581 0.9375
0.496094 0.938433

0.496094 0.938432
0.5 0.939863

0.5 0.939863
0.503906 0.941277

0.503906 0.941274
0.504275 0.941406

0.504266 0.941406
0.507812 0.942674

0.507812 0.942673
0.511719 0.944051

0.511719 0.944051
0.515339 0.945312

0.515338 0.945312
0.515625 0.945412

0.515625 0.945412
0.519531 0.946756

0.519531 0.946756
0.523438 0.948081

0.523438 0.948081
0.526834 0.949219

0.526834 0.949219
0.527344 0.94939

0.527344 0.949389
0.53125 0.95068

0.53125 0.95068
0.535156 0.951954

0.535156 0.951954
0.538798 0.953125

0.538797 0.953125
0.539062 0.95321

0.539062 0.95321
0.542969 0.954449

0.542969 0.954449
0.546875 0.955671

0.546875 0.955671
0.550781 0.956876

0.550781 0.956874
0.551299 0.957031

0.55129 0.957031
0.554688 0.958065

0.554688 0.958064
0.558594 0.959235

0.558594 0.959235
0.5625 0.960389

0.5625 0.960388
0.564387 0.960938

0.564382 0.960938
0.566406 0.961527

0.566406 0.961526
0.570312 0.962646

0.570312 0.962646
0.574219 0.96375

0.574219 0.96375
0.578125 0.964837

0.578125 0.964834
0.578162 0.964844

0.57815 0.964844
0.582031 0.965907

0.582031 0.965907
0.585938 0.966961

0.585938 0.966961
0.589844 0.967998

0.589844 0.967998
0.592724 0.96875

0.592721 0.96875
0.59375 0.969019

0.59375 0.969018
0.597656 0.970022

0.597656 0.970022
0.601562 0.97101

0.601562 0.97101
0.605469 0.971982

0.605469 0.971981
0.608229 0.972656

0.608226 0.972656
0.609375 0.972937

0.609375 0.972936
0.613281 0.973875

0.613281 0.973875
0.617188 0.974798

0.617188 0.974798
0.621094 0.975704

0.621094 0.975704
0.62486 0.976562

0.62486 0.976562
0.625 0.976594

0.625 0.976595
0.628906 0.977469

0.628906 0.977469
0.632812 0.978327

0.632812 0.978327
0.636719 0.979169

0.636719 0.979169
0.640625 0.979995

0.640625 0.979995
0.642912 0.980469

0.642906 0.980469
0.644531 0.980806

0.644531 0.980805
0.648438 0.981599

0.648438 0.981599
0.652344 0.982378

0.652344 0.982378
0.65625 0.98314

0.65625 0.98314
0.660156 0.983887

0.660156 0.983887
0.662765 0.984375

0.662761 0.984375
0.664062 0.984619

0.664062 0.984618
0.667969 0.985333

0.667969 0.985333
0.671875 0.986033

0.671875 0.986033
0.675781 0.986717

0.675781 0.986717
0.679688 0.987385

0.679688 0.987385
0.683594 0.988037

0.683594 0.988036
0.685097 0.988281

0.685086 0.988281
0.6875 0.988675

0.6875 0.988674
0.691406 0.989295

0.691406 0.989295
0.695312 0.989901

0.695312 0.989901
0.699219 0.990491

0.699219 0.990491
0.703125 0.991066

0.703125 0.991066
0.707031 0.991625

0.707031 0.991625
0.710938 0.992169

0.710938 0.992166
0.711095 0.992188

0.711072 0.992188
0.714844 0.992698

0.714844 0.992697
0.71875 0.99321

0.71875 0.99321
0.722656 0.993707

0.722656 0.993707
0.726562 0.994189

0.726562 0.994189
0.730469 0.994656

0.730469 0.994656
0.734375 0.995107

0.734375 0.995107
0.738281 0.995543

0.738281 0.995543
0.742188 0.995964

0.742188 0.995962
0.743454 0.996094

0.743436 0.996094
0.746094 0.996369

0.746094 0.996369
0.75 0.996758

0.75 0.996758
0.753906 0.997133

0.753906 0.997133
0.757812 0.997492

0.757812 0.997492
0.761719 0.997836

0.761719 0.997836
0.765625 0.998165

0.765625 0.998165
0.769531 0.998479

0.769531 0.998479
0.773438 0.998777

0.773438 0.998777
0.777344 0.99906

0.777344 0.99906
0.78125 0.999328

0.78125 0.999328
0.785156 0.999581

0.785156 0.999581
0.789062 0.999818

0.789062 0.999818
0.792262 1

0.90625 0.999905
0.904531 1

0.90625 0.999903
0.910156 0.999671

0.910156 0.999671
0.914062 0.999424

0.914062 0.999424
0.917969 0.999161

0.917969 0.999161
0.921875 0.998883

0.921875 0.998883
0.925781 0.99859

0.925781 0.99859
0.929688 0.998282

0.929688 0.998282
0.933594 0.997958

0.933594 0.997958
0.9375 0.997619

0.9375 0.997619
0.941406 0.997264

0.941406 0.997264
0.945312 0.996894

0.945312 0.996894
0.949219 0.996509

0.949219 0.996509
0.953125 0.996108

0.957031 0.995693
0.953263 0.996094

0.953125 0.996106
0.953241 0.996094

0.957031 0.995692
0.960938 0.995261

0.960938 0.995261
0.964844 0.994813

0.964844 0.994813
0.96875 0.994351

0.96875 0.994351
0.972656 0.993873

0.972656 0.993873
0.976562 0.993379

0.976562 0.993379
0.980469 0.99287

0.980469 0.99287
0.984375 0.992345

0.988281 0.991806
0.985526 0.992188

0.988281 0.991805
0.992188 0.99125

0.984375 0.992343
0.985503 0.992188

0.992188 0.99125
0.996094 0.990678

0.996094 0.990678
1 0.990091

0.792258 1
0.792969 1.00004

0.792969 1.00004
0.796875 1.00025

0.796875 1.00025
0.800781 1.00044

0.800781 1.00044
0.804688 1.00062

0.804688 1.00062
0.808594 1.00078

0.808594 1.00078
0.8125 1.00092

0.8125 1.00092
0.816406 1.00106

0.816406 1.00106
0.820312 1.00117

0.820312 1.00117
0.824219 1.00127

0.824219 1.00127
0.828125 1.00136

0.828125 1.00136
0.832031 1.00143

0.832031 1.00143
0.835938 1.00149

0.835938 1.00149
0.839844 1.00153

0.839844 1.00153
0.84375 1.00155

0.84375 1.00155
0.847656 1.00156

0.847656 1.00156
0.851562 1.00156

0.851562 1.00156
0.855469 1.00154

0.855469 1.00154
0.859375 1.0015

0.859375 1.0015
0.863281 1.00145

0.863281 1.00145
0.867188 1.00139

0.867188 1.00139
0.871094 1.00131

0.871094 1.00131
0.875 1.00121

0.875 1.00121
0.878906 1.0011

0.878906 1.0011
0.882812 1.00098

0.882812 1.00098
0.886719 1.00084

0.886719 1.00084
0.890625 1.00068

0.890625 1.00068
0.894531 1.00051

0.894531 1.00051
0.898438 1.00032

0.898438 1.00032
0.902344 1.00012

0.902344 1.00012
0.904493 1

1 0.990091
1.00391 0.989488

1.00391 0.989488
1.00781 0.988869

1.01172 0.988236
1.01144 0.988281

1.00781 0.98887
1.01144 0.988281

1.01172 0.988235
1.01562 0.987585

1.01562 0.987585
1.01953 0.98692

1.01953 0.98692
1.02344 0.986238

1.02344 0.986238
1.02734 0.985541

1.02734 0.985541
1.03125 0.984827

1.03516 0.984099
1.03368 0.984375

1.03516 0.984098
1.03906 0.983353

1.03906 0.983353
1.04297 0.982592

1.04297 0.982592
1.04688 0.981815

1.03125 0.984827
1.03367 0.984375

1.04688 0.981815
1.05078 0.981021

1.05469 0.980213
1.05345 0.980469

1.05078 0.981021
1.05345 0.980469

1.05469 0.980212
1.05859 0.979386

1.05859 0.979387
1.0625 0.978545

1.0625 0.978545
1.06641 0.977687

1.06641 0.977687
1.07031 0.976813

1.07422 0.975924
1.07142 0.976562

1.07422 0.975923
1.07812 0.975016

1.07031 0.976811
1.0714 0.976562

1.07812 0.975016
1.08203 0.974093

1.08203 0.974093
1.08594 0.973153

1.08984 0.972198
1.08797 0.972656

1.08594 0.973152
1.08796 0.972656

1.08984 0.972197
1.09375 0.971224

1.10547 0.968207
1.1034 0.96875

1.10547 0.968206
1.10938 0.967167

1.10938 0.967167
1.11328 0.96611

1.11328 0.96611
1.11719 0.965037

1.12109 0.963948
1.11788 0.964844

1.11719 0.965034
1.11787 0.964844

1.12109 0.963947
1.125 0.96284

1.09375 0.971224
1.09766 0.970235

1.09766 0.970235
1.10156 0.969229

1.10156 0.969228
1.10339 0.96875

1.13281 0.960575
1.13157 0.960938

1.125 0.96284
1.12891 0.961715

1.12891 0.961715
1.13157 0.960938

1.13281 0.960574
1.13672 0.959415

1.13672 0.959415
1.14062 0.958239

1.14062 0.958239
1.14453 0.957045

1.14844 0.955835
1.14458 0.957031

1.14453 0.957042
1.14457 0.957031

1.14844 0.955835
1.15234 0.954606

1.15234 0.954606
1.15625 0.953361

1.16016 0.952098
1.15698 0.953125

1.16016 0.952097
1.16406 0.950816

1.16406 0.950816
1.16797 0.949517

1.17188 0.948201
1.16886 0.949219

1.16797 0.949514
1.16885 0.949219

1.15625 0.953358
1.15697 0.953125

1.17188 0.9482
1.17578 0.946865

1.17578 0.946865
1.17969 0.945513

1.18359 0.944143
1.18026 0.945312

1.18359 0.944142
1.1875 0.942753

1.17969 0.945509
1.18025 0.945312

1.20312 0.937015
1.20183 0.9375

1.20312 0.937014
1.20703 0.935533

1.20703 0.935533
1.21094 0.934034

1.21484 0.932517
1.21207 0.933594

1.21094 0.934031
1.21206 0.933594

1.21484 0.932515
1.21875 0.930978

1.22266 0.929423
1.22199 0.929688

1.22266 0.929422
1.22656 0.927847

1.21875 0.930978
1.22199 0.929688

1.22656 0.927847
1.23047 0.926253

1.23438 0.924641
1.23161 0.925781

1.23047 0.926251
1.23161 0.925781

1.24219 0.921355
1.24096 0.921875

1.24219 0.921354
1.24609 0.919683

1.24609 0.919682
1.25 0.917992

1.23438 0.92464
1.23828 0.923007

1.23828 0.923006
1.24096 0.921875

1.19141 0.941346
1.19124 0.941406

1.1875 0.942753
1.19124 0.941406

1.19141 0.941346
1.19531 0.939921

1.19531 0.939921
1.19922 0.938477

1.19922 0.938476
1.20183 0.9375

1.33984 0.873353
1.3369 0.875

1.33984 0.873351
1.34375 0.871145

1.35156 0.866666
1.35066 0.867188

1.34766 0.868918
1.34384 0.871094

1.34375 0.87114
1.34383 0.871094

1.34766 0.868917
1.35066 0.867188

1.35156 0.866665
1.35547 0.864389

1.35938 0.86209
1.35735 0.863281

1.35547 0.864388
1.35735 0.863281

1.36719 0.857418
1.36393 0.859375

1.37109 0.855047
1.3704 0.855469

1.36719 0.857417
1.3704 0.855469

1.37109 0.855045
1.375 0.852648

1.35938 0.862088
1.36328 0.859764

1.36328 0.859759
1.36393 0.859375

1.27734 0.905592
1.27594 0.90625

1.27734 0.905591
1.28125 0.903738

1.25391 0.916281
1.25005 0.917969

1.25 0.917987
1.25004 0.917969

1.25391 0.916281
1.25781 0.914549

1.26172 0.9128
1.2589 0.914062

1.26172 0.912798
1.26562 0.911027

1.25781 0.914547
1.25889 0.914062

1.26953 0.909237
1.26753 0.910156

1.26562 0.911026
1.26752 0.910156

1.26953 0.909236
1.27344 0.907424

1.27344 0.907423
1.27594 0.90625

1.28516 0.901865
1.28416 0.902344

1.28125 0.903738
1.28416 0.902344

1.28516 0.901864
1.28906 0.899969

1.29297 0.898054
1.29219 0.898438

1.29297 0.898053
1.29688 0.896115

1.28906 0.899969
1.29218 0.898438

1.30859 0.890175
1.30772 0.890625

1.30859 0.890174
1.3125 0.888149

1.30078 0.894157
1.30004 0.894531

1.29688 0.896116
1.30003 0.894531

1.30078 0.894156
1.30469 0.892176

1.30469 0.892176
1.30771 0.890625

1.31641 0.886104
1.31523 0.886719

1.3125 0.888149
1.31523 0.886719

1.31641 0.886103
1.32031 0.884034

1.32422 0.881945
1.3226 0.882812

1.32422 0.881943
1.32812 0.879829

1.32031 0.884034
1.32259 0.882812

1.33203 0.877695
1.32982 0.878906

1.32812 0.879828
1.32981 0.878906

1.33203 0.877693
1.33594 0.875534

1.33594 0.875531
1.33689 0.875

1.4375 0.810832
1.43519 0.8125

1.39062 0.842816
1.38916 0.84375

1.39062 0.842814
1.39453 0.840294

1.39844 0.83775
1.39522 0.839844

1.39453 0.840287
1.39523 0.839844

1.40234 0.835179
1.40118 0.835938

1.40234 0.835175
1.40625 0.832577

1.39844 0.837748
1.40119 0.835938

1.37891 0.850229
1.37675 0.851562

1.37891 0.850226
1.38281 0.847781

1.375 0.852647
1.37675 0.851562

1.38672 0.845312
1.38301 0.847656

1.38281 0.847778
1.38301 0.847656

1.38672 0.845311
1.38916 0.84375

1.41406 0.827308
1.41285 0.828125

1.41406 0.827302
1.41797 0.824625

1.42188 0.821924
1.41856 0.824219

1.41797 0.824622
1.41857 0.824219

1.41016 0.829956
1.40707 0.832031

1.40625 0.83257
1.40707 0.832031

1.41016 0.829954
1.41285 0.828125

1.42578 0.819195
1.42417 0.820312

1.42578 0.819191
1.42969 0.816432

1.42188 0.821922
1.42418 0.820312

1.43359 0.813645
1.42972 0.816406

1.42969 0.816434
1.42973 0.816406

1.43359 0.813638
1.43519 0.8125

1.44141 0.807989
1.44056 0.808594

1.4375 0.81083
1.44057 0.808594

1.44141 0.807984
1.44531 0.805112

1.44922 0.802212
1.44589 0.804688

1.45312 0.799284
1.45112 0.800781

1.44922 0.802204
1.45113 0.800781

1.44531 0.805112
1.44589 0.804688

1.45703 0.796317
1.45629 0.796875

1.45703 0.796315
1.46094 0.793322

1.46875 0.787251
1.46643 0.789062

1.46484 0.7903
1.46139 0.792969

1.46094 0.793324
1.4614 0.792969

1.46484 0.790289
1.46644 0.789062

1.45312 0.799278
1.45629 0.796875

1.47656 0.781039
1.4763 0.78125

1.47656 0.78104
1.48047 0.777889

1.48438 0.774708
1.48114 0.777344

1.48047 0.777892
1.48115 0.777344

1.49609 0.764961
1.4953 0.765625

1.5 0.761642
1.49991 0.761719

1.49609 0.764961
1.49991 0.761719

1.48828 0.771501
1.48591 0.773438

1.49219 0.768251
1.49063 0.769531

1.48828 0.771482
1.49065 0.769531

1.48438 0.774701
1.48593 0.773438

1.49219 0.768243
1.4953 0.765625

1.47266 0.784165
1.47139 0.785156

1.46875 0.787244
1.47139 0.785156

1.47266 0.784159
1.4763 0.78125

1.71875 0.497845
1.71751 0.5

1.75 0.438808
1.74873 0.441406

1.74873 0.441406
1.7468 0.445312

1.74609 0.446735
1.74485 0.449219

1.74485 0.449219
1.74288 0.453125

1.74609 0.446735
1.7468 0.445312

1.74219 0.45449
1.74089 0.457031

1.74089 0.457031
1.73888 0.460938

1.73828 0.462082
1.73684 0.464844

1.73684 0.464844
1.73478 0.46875

1.73828 0.462083
1.73888 0.460938

1.74219 0.45449
1.74288 0.453125

1.72656 0.483956
1.72633 0.484375

1.73438 0.46952
1.73271 0.472656

1.73271 0.472656
1.7306 0.476562

1.73047 0.47681
1.72848 0.480469

1.72656 0.483956
1.72848 0.480469

1.73047 0.476811
1.7306 0.476562

1.72266 0.490965
1.72197 0.492188

1.72633 0.484375
1.72416 0.488281

1.72266 0.490965
1.72416 0.488281

1.72197 0.492188
1.71975 0.496094

1.71875 0.497845
1.71975 0.496094

1.73438 0.46952
1.73478 0.46875

1.85132 0
1.85131 0.00390625

1.85131 0.00390625
1.85129 0.0078125

1.85129 0.0078125
1.85125 0.0117188

1.85125 0.0117188
1.85119 0.015625

1.85119 0.015625
1.85113 0.0195312

1.85113 0.0195312
1.85104 0.0234375

1.85104 0.0234375
1.85094 0.0273438

1.85094 0.0273438
1.85083 0.03125

1.85083 0.03125
1.8507 0.0351562

1.8507 0.0351562
1.85055 0.0390625

1.85055 0.0390625
1.85039 0.0429688

1.85039 0.0429688
1.85022 0.046875

1.85022 0.046875
1.85003 0.0507812

1.85003 0.0507812
1.84982 0.0546875

1.84982 0.0546875
1.8496 0.0585938

1.8496 0.0585938
1.84936 0.0625

1.84375 0.122853
1.84348 0.125

1.84936 0.0625
1.84911 0.0664062

1.84911 0.0664062
1.84885 0.0703125

1.84885 0.0703125
1.84856 0.0742188

1.84856 0.0742188
1.84826 0.078125

1.84766 0.0855376
1.84762 0.0859375

1.84826 0.078125
1.84795 0.0820312

1.84766 0.0855377
1.84795 0.0820312

1.84762 0.0859375
1.84728 0.0898438

1.84728 0.0898438
1.84692 0.09375

1.84692 0.09375
1.84654 0.0976562

1.84654 0.0976562
1.84615 0.101562

1.84615 0.101562
1.84575 0.105469

1.84575 0.105469
1.84533 0.109375

1.84533 0.109375
1.84489 0.113281

1.84489 0.113281
1.84444 0.117188

1.84444 0.117188
1.84397 0.121094

1.84375 0.122853
1.84397 0.121094

1.84348 0.125
1.84298 0.128906

1.84298 0.128906
1.84247 0.132812

1.84247 0.132812
1.84194 0.136719

1.84194 0.136719
1.84139 0.140625

1.84139 0.140625
1.84083 0.144531

1.84083 0.144531
1.84025 0.148438

1.83984 0.15112
1.83966 0.152344

1.83966 0.152344
1.83905 0.15625

1.83984 0.15112
1.84025 0.148438

1.83905 0.15625
1.83842 0.160156

1.83842 0.160156
1.83778 0.164062

1.83778 0.164062
1.83712 0.167969

1.83712 0.167969
1.83645 0.171875

1.83594 0.174783
1.83576 0.175781

1.83576 0.175781
1.83506 0.179688

1.83506 0.179688
1.83433 0.183594

1.83433 0.183594
1.8336 0.1875

1.83594 0.174783
1.83645 0.171875

1.82812 0.214193
1.82798 0.214844

1.82798 0.214844
1.82712 0.21875

1.8336 0.1875
1.83284 0.191406

1.83284 0.191406
1.83207 0.195312

1.83203 0.195528
1.83129 0.199219

1.83129 0.199219
1.83049 0.203125

1.83203 0.195528
1.83207 0.195312

1.83049 0.203125
1.82967 0.207031

1.82967 0.207031
1.82883 0.210938

1.82812 0.214193
1.82883 0.210938

1.82712 0.21875
1.82623 0.222656

1.82623 0.222656
1.82533 0.226562

1.82422 0.231294
1.82348 0.234375

1.82533 0.226562
1.82442 0.230469

1.82422 0.231294
1.82442 0.230469

1.82031 0.247153
1.81958 0.25

1.82348 0.234375
1.82253 0.238281

1.82253 0.238281
1.82157 0.242188

1.82157 0.242188
1.82058 0.246094

1.82031 0.247153
1.82058 0.246094

1.8125 0.275989
1.81211 0.277344

1.81211 0.277344
1.81098 0.28125

1.81098 0.28125
1.80982 0.285156

1.80982 0.285156
1.80865 0.289062

1.80859 0.289259
1.80747 0.292969

1.80747 0.292969
1.80626 0.296875

1.80859 0.289259
1.80865 0.289062

1.80469 0.301887
1.8038 0.304688

1.8038 0.304688
1.80254 0.308594

1.80254 0.308594
1.80127 0.3125

1.80626 0.296875
1.80504 0.300781

1.80469 0.301888
1.80504 0.300781

1.78125 0.367854
1.77996 0.371094

1.77996 0.371094
1.7784 0.375

1.79688 0.325548
1.79599 0.328125

1.79599 0.328125
1.79462 0.332031

1.79462 0.332031
1.79324 0.335938

1.79297 0.336691
1.79184 0.339844

1.79184 0.339844
1.79042 0.34375

1.79297 0.336691
1.79324 0.335938

1.80078 0.313964
1.79997 0.316406

1.79997 0.316406
1.79866 0.320312

1.80078 0.313964
1.80127 0.3125

1.79866 0.320312
1.79733 0.324219

1.79688 0.325548
1.79733 0.324219

1.78906 0.347434
1.78898 0.347656

1.78898 0.347656
1.78752 0.351562

1.78516 0.357807
1.78456 0.359375

1.78752 0.351562
1.78605 0.355469

1.78516 0.357807
1.78605 0.355469

1.78906 0.347434
1.79042 0.34375

1.78456 0.359375
1.78304 0.363281

1.78304 0.363281
1.78151 0.367188

1.78125 0.367854
1.78151 0.367188

1.81958 0.25
1.81857 0.253906

1.81857 0.253906
1.81753 0.257812

1.81641 0.262001
1.81542 0.265625

1.81753 0.257812
1.81648 0.261719

1.81641 0.262001
1.81648 0.261719

1.81542 0.265625
1.81433 0.269531

1.81433 0.269531
1.81323 0.273438

1.8125 0.275989
1.81323 0.273438

1.76562 0.405183
1.76515 0.40625

1.77344 0.387048
1.77193 0.390625

1.77734 0.37759
1.77681 0.378906

1.77681 0.378906
1.7752 0.382812

1.77734 0.37759
1.7784 0.375

1.7752 0.382812
1.77358 0.386719

1.77344 0.387048
1.77358 0.386719

1.76953 0.396236
1.76858 0.398438

1.77193 0.390625
1.77027 0.394531

1.76953 0.396236
1.77027 0.394531

1.76858 0.398438
1.76688 0.402344

1.76562 0.405183
1.76688 0.402344

1.76172 0.413904
1.76165 0.414062

1.76515 0.40625
1.76341 0.410156

1.76172 0.413904
1.76341 0.410156

1.76165 0.414062
1.75986 0.417969

1.75986 0.417969
1.75806 0.421875

1.75781 0.422404
1.75624 0.425781

1.75624 0.425781
1.75439 0.429688

1.75391 0.430701
1.75252 0.433594

1.75252 0.433594
1.75064 0.4375

1.75391 0.430701
1.75439 0.429688

1.75781 0.422404
1.75806 0.421875

1.75 0.438808
1.75064 0.4375

1.51562 0.748038
1.51338 0.75

1.53125 0.733827
1.53066 0.734375

1.52344 0.741005
1.52213 0.742188

1.51953 0.744539
1.51778 0.746094

1.51562 0.748017
1.5178 0.746094

1.51953 0.744518
1.52215 0.742188

1.52734 0.737435
1.52642 0.738281

1.52344 0.740995
1.52642 0.738281

1.52734 0.737432
1.53066 0.734375

1.55078 0.7152
1.54714 0.71875

1.55469 0.711353
1.55114 0.714844

1.55078 0.715198
1.55114 0.714844

1.55859 0.70746
1.5551 0.710938

1.5625 0.703521
1.55902 0.707031

1.55859 0.707455
1.55902 0.707031

1.55469 0.711348
1.5551 0.710938

1.53906 0.726496
1.53899 0.726562

1.53516 0.730181
1.53485 0.730469

1.53125 0.733827
1.53485 0.730469

1.53516 0.730182
1.53899 0.726562

1.53906 0.726497
1.54297 0.722772

1.54688 0.719006
1.54309 0.722656

1.54297 0.722772
1.54309 0.722656

1.54688 0.719006
1.54714 0.71875

1.57812 0.687338
1.57797 0.6875

1.59375 0.670396
1.59242 0.671875

1.58594 0.678965
1.58527 0.679688

1.58203 0.683176
1.58164 0.683594

1.57812 0.687338
1.58164 0.683594

1.58203 0.683176
1.58527 0.679688

1.58984 0.674705
1.58886 0.675781

1.58594 0.678968
1.58886 0.675781

1.58984 0.674716
1.59241 0.671875

1.60938 0.652646
1.60626 0.65625

1.62109 0.638741
1.61955 0.640625

1.625 0.634009
1.62278 0.636719

1.62109 0.63877
1.62276 0.636719

1.61328 0.648071
1.61297 0.648438

1.61719 0.643437
1.61628 0.644531

1.61328 0.648071
1.61627 0.644531

1.61297 0.648438
1.60963 0.652344

1.60938 0.652633
1.60962 0.652344

1.61719 0.643443
1.61954 0.640625

1.60156 0.661612
1.59943 0.664062

1.59766 0.666032
1.59594 0.667969

1.59375 0.670411
1.59592 0.667969

1.59766 0.666042
1.5994 0.664062

1.60547 0.657162
1.60286 0.660156

1.60156 0.661623
1.60284 0.660156

1.60547 0.657153
1.60625 0.65625

1.56641 0.699544
1.5629 0.703125

1.57031 0.695522
1.56673 0.699219

1.56641 0.699538
1.56672 0.699219

1.57422 0.691454
1.57052 0.695312

1.57797 0.6875
1.57426 0.691406

1.57422 0.691444
1.57426 0.691406

1.57031 0.695514
1.57051 0.695312

1.5625 0.703518
1.56289 0.703125

1.67969 0.560529
1.67836 0.5625

1.6875 0.548789
1.68619 0.550781

1.68619 0.550781
1.68361 0.554688

1.68359 0.554709
1.681 0.558594

1.67969 0.56053
1.681 0.558594

1.68359 0.554697
1.6836 0.554688

1.63281 0.624333
1.63228 0.625

1.64062 0.614411
1.63846 0.617188

1.63672 0.619388
1.6354 0.621094

1.63281 0.624335
1.63539 0.621094

1.63672 0.61941
1.63845 0.617188

1.64453 0.609351
1.64451 0.609375

1.64844 0.604208
1.6475 0.605469

1.64453 0.609351
1.64749 0.605469

1.65234 0.599022
1.65044 0.601562

1.65625 0.593755
1.65336 0.597656

1.65234 0.599033
1.65335 0.597656

1.64844 0.604218
1.65044 0.601562

1.64451 0.609375
1.6415 0.613281

1.64062 0.61441
1.64149 0.613281

1.66797 0.577494
1.66753 0.578125

1.67188 0.571924
1.67028 0.574219

1.66797 0.577499
1.67028 0.574219

1.66406 0.582994
1.66195 0.585938

1.66016 0.588398
1.65912 0.589844

1.65912 0.589844
1.65625 0.59375

1.66016 0.588409
1.66195 0.585938

1.66753 0.578125
1.66475 0.582031

1.66406 0.582999
1.66474 0.582031

1.67578 0.566272
1.67569 0.566406

1.67569 0.566406
1.673 0.570312

1.67578 0.566273
1.67836 0.5625

1.67188 0.571929
1.67299 0.570312

1.69922 0.530475
1.69874 0.53125

1.70312 0.524174
1.70117 0.527344

1.69922 0.530478
1.70117 0.527344

1.71094 0.511239
1.71066 0.511719

1.71066 0.511719
1.70832 0.515625

1.71484 0.504604
1.71297 0.507812

1.71751 0.5
1.71525 0.503906

1.71484 0.504605
1.71525 0.503906

1.71094 0.511241
1.71297 0.507812

1.70703 0.51776
1.70596 0.519531

1.70596 0.519531
1.70358 0.523438

1.70703 0.51776
1.70832 0.515625

1.70312 0.524177
1.70358 0.523438

1.69531 0.536679
1.6938 0.539062

1.69141 0.542783
1.69129 0.542969

1.69129 0.542969
1.68875 0.546875

1.69141 0.542786
1.6938 0.539062

1.69874 0.53125
1.69628 0.535156

1.69531 0.536679
1.69628 0.535156

1.6875 0.548789
1.68875 0.546875

1.62891 0.629205
1.62598 0.632812

1.63228 0.625
1.62915 0.628906

1.62891 0.629191
1.62914 0.628906

1.625 0.634005
1.62597 0.632812

1.50781 0.754906
1.50446 0.757812

1.5 0.761643
1.50391 0.758292

1.50391 0.758296
1.50447 0.757812

1.51172 0.75149
1.50895 0.753906

1.50781 0.754907
1.50896 0.753906

1.51172 0.751481
1.51341 0.75

