0.00323645 0
0.00323621 0.00195312

0.00323621 0.00195312
0.00323546 0.00390625

0.00323547 0.00390625
0.00323423 0.00585938

0.00323423 0.00585938
0.00323249 0.0078125

0.00323249 0.0078125
0.00323024 0.00976562

0.00323024 0.00976562
0.00322749 0.0117188

0.00322749 0.0117188
0.00322422 0.0136719

0.00322422 0.0136719
0.00322042 0.015625

0.00322042 0.015625
0.00321609 0.0175781

0.0032161 0.0175781
0.00321123 0.0195312

0.00321123 0.0195312
0.00320582 0.0214844

0.00320582 0.0214844
0.00319985 0.0234375

0.00319985 0.0234375
0.00319331 0.0253906

0.00319332 0.0253906
0.0031862 0.0273438

0.0031862 0.0273438
0.00317851 0.0292969

0.00317851 0.0292969
0.00317021 0.03125

0.00317022 0.03125
0.00316131 0.0332031

0.00316132 0.0332031
0.0031518 0.0351562

0.0031518 0.0351562
0.00314165 0.0371094

0.00314165 0.0371094
0.00313087 0.0390625

0.00313087 0.0390625
0.00311944 0.0410156

0.00311944 0.0410156
0.00310735 0.0429688

0.00310735 0.0429688
0.00309459 0.0449219

0.00309459 0.0449219
0.00308116 0.046875

0.00308116 0.046875
0.00306704 0.0488281

0.00306704 0.0488281
0.00305223 0.0507812

0.00305223 0.0507812
0.00303672 0.0527344

0.00303672 0.0527344
0.0030205 0.0546875

0.00302051 0.0546875
0.00300358 0.0566406

0.00300358 0.0566406
0.00298594 0.0585938

0.00298594 0.0585938
0.00296759 0.0605469

0.00296759 0.0605469
0.00294852 0.0625

0.00294852 0.0625
0.00292873 0.0644531

0.00292873 0.0644531
0.00290824 0.0664062

0.00290824 0.0664062
0.00288703 0.0683594

0.00288703 0.0683594
0.00286513 0.0703125

0.00286513 0.0703125
0.00284253 0.0722656

0.00284253 0.0722656
0.00281926 0.0742188

0.00281925 0.0742188
0.00279531 0.0761719

0.00279531 0.0761719
0.00277072 0.078125

0.00277071 0.078125
0.00274549 0.0800781

0.00274549 0.0800781
0.00271965 0.0820312

0.00271964 0.0820312
0.00269322 0.0839844

0.00269321 0.0839844
0.00266623 0.0859375

0.00266622 0.0859375
0.0026387 0.0878906

0.0026387 0.0878906
0.00261068 0.0898438

0.00261067 0.0898438
0.00258218 0.0917969

0.00258217 0.0917969
0.00255325 0.09375

0.00255324 0.09375
0.00252394 0.0957031

0.00252393 0.0957031
0.00249427 0.0976562

0.00249426 0.0976562
0.00246429 0.0996094

0.00246428 0.0996094
0.00243405 0.101562

0.00243404 0.101562
0.0024036 0.103516

0.00240359 0.103516
0.00237298 0.105469

0.00237297 0.105469
0.00234225 0.107422

0.00234223 0.107422
0.00231145 0.109375

0.00231143 0.109375
0.00228063 0.111328

0.00228062 0.111328
0.00224985 0.113281

0.00224983 0.113281
0.00221915 0.115234

0.00221914 0.115234
0.00218859 0.117188

0.00218857 0.117188
0.00215821 0.119141

0.0021582 0.119141
0.00212806 0.121094

0.00212805 0.121094
0.00209819 0.123047

0.00209818 0.123047
0.00206864 0.125

0.00206864 0.125
0.00203946 0.126953

0.00203945 0.126953
0.00201067 0.128906

0.00195312 0.132061
0.00194478 0.132812

0.00201108 0.128906
0.00198191 0.130859

0.00195312 0.132621
0.00198686 0.130859

0.00193247 0.132812
0.00191092 0.134766

0.00188932 0.134766
0.00186907 0.136719

0.00184734 0.136719
0.00182796 0.138672

0.00180637 0.138672
0.00178784 0.140625

0.00176646 0.140625
0.00174877 0.142578

0.00172768 0.142578
0.0017108 0.144531

0.00169007 0.144531
0.00167399 0.146484

0.00165367 0.146484
0.00163837 0.148438

0.00161851 0.148438
0.00160398 0.150391

0.00158463 0.150391
0.00157084 0.152344

0.00155204 0.152344
0.00153897 0.154297

0.00152074 0.154297
0.00150835 0.15625

0.00149071 0.15625
0.00147899 0.158203

0.00146195 0.158203
0.00145085 0.160156

0.00143441 0.160156
0.0014239 0.162109

0.00140806 0.162109
0.0013981 0.164062

0.00138284 0.164062
0.00137339 0.166016

0.00135868 0.166016
0.00134972 0.167969

0.00133554 0.167969
0.00132702 0.169922

0.00131333 0.169922
0.00130521 0.171875

0.00129199 0.171875
0.00128425 0.173828

0.00127145 0.173828
0.00126405 0.175781

0.00125165 0.175781
0.00124456 0.177734

0.00123253 0.177734
0.00122572 0.179688

0.00121404 0.179688
0.00120749 0.181641

0.00119613 0.181641
0.00118982 0.183594

0.00117877 0.183594
0.00117269 0.185547

0.00116192 0.185547
0.00115606 0.1875

0.00114558 0.1875
0.00113993 0.189453

0.00112973 0.189453
0.00112428 0.191406

0.00111437 0.191406
0.00110912 0.193359

0.00109949 0.193359
0.00109445 0.195312

0.00108512 0.195312
0.00108027 0.197266

0.00107126 0.197266
0.00106661 0.199219

0.00105792 0.199219
0.00105348 0.201172

0.00104512 0.201172
0.00104088 0.203125

0.00103287 0.203125
0.00102884 0.205078

0.00102117 0.205078
0.00101735 0.207031

0.00101005 0.207031
0.00100643 0.208984

0.000999493 0.208984
0.000996079 0.210938

0.000989508 0.210938
0.000986295 0.212891

0.00098009 0.212891
0.000977073 0.214844

0.000971229 0.214844
0.000968405 0.216797

0.000962916 0.216797
0.000960278 0.21875

0.000955136 0.21875
0.000952676 0.220703

0.00094787 0.220703
0.000945582 0.222656

0.0009411 0.222656
0.000938976 0.224609

0.000934805 0.224609
0.000932835 0.226562

0.000928961 0.226562
0.000927139 0.228516

0.000923547 0.228516
0.000921862 0.230469

0.000918537 0.230469
0.000916982 0.232422

0.000913907 0.232422
0.000912474 0.234375

0.000909634 0.234375
0.000908313 0.236328

0.000905691 0.236328
0.000904474 0.238281

0.000902054 0.238281
0.000900932 0.240234

0.000898698 0.240234
0.000897663 0.242188

0.000895597 0.242188
0.000894641 0.244141

0.000892727 0.244141
0.000891841 0.246094

0.000890063 0.246094
0.00088924 0.248047

0.000887582 0.248047
0.000886813 0.25

0.000885259 0.25
0.000884538 0.251953

0.000883074 0.251953
0.000882393 0.253906

0.000881004 0.253906
0.000880357 0.255859

0.000879032 0.255859
0.000878413 0.257812

0.00087714 0.257812
0.000876545 0.259766

0.000875314 0.259766
0.000874737 0.261719

0.000873541 0.261719
0.00087298 0.263672

0.000871811 0.263672
0.000871262 0.265625

0.000870117 0.265625
0.000869578 0.267578

0.000868453 0.267578
0.000867924 0.269531

0.000866816 0.269531
0.000866295 0.271484

0.000865204 0.271484
0.000864693 0.273438

0.00086362 0.273438
0.000863117 0.275391

0.000862063 0.275391
0.000861571 0.277344

0.000860538 0.277344
0.000860056 0.279297

0.000859047 0.279297
0.000858578 0.28125

0.000857596 0.28125
0.00085714 0.283203

0.000856187 0.283203
0.000855746 0.285156

0.000854825 0.285156
0.000854399 0.287109

0.000853513 0.287109
0.000853104 0.289062

0.000852254 0.289062
0.000851863 0.291016

0.000851051 0.291016
0.000850678 0.292969

0.000849905 0.292969
0.000849551 0.294922

0.000848817 0.294922
0.000848482 0.296875

0.000847788 0.296875
0.000847471 0.298828

0.000846816 0.298828
0.000846518 0.300781

0.000845902 0.300781
0.000845622 0.302734

0.000845044 0.302734
0.000844781 0.304688

0.000844239 0.304688
0.000843993 0.306641

0.000843487 0.306641
0.000843257 0.308594

0.000842784 0.308594
0.000842571 0.310547

0.000842131 0.310547
0.000841932 0.3125

0.000841523 0.3125
0.000841339 0.314453

0.00084096 0.314453
0.00084079 0.316406

0.000840441 0.316406
0.000840284 0.318359

0.000839963 0.318359
0.000839819 0.320312

0.000839526 0.320312
0.000839396 0.322266

0.00083913 0.322266
0.000839012 0.324219

0.000838773 0.324219
0.000838668 0.326172

0.000838456 0.326172
0.000838364 0.328125

0.000838179 0.328125
0.000838099 0.330078

0.000837941 0.330078
0.000837873 0.332031

0.000837743 0.332031
0.000837688 0.333984

0.000837584 0.333984
0.000837542 0.335938

0.000837465 0.335938
0.000837436 0.337891

0.000837386 0.337891
0.000837369 0.339844

0.000837347 0.339844
0.000837342 0.341797

0.000837346 0.341797
0.000837354 0.34375

0.000837383 0.34375
0.000837403 0.345703

0.000837458 0.345703
0.000837488 0.347656

0.000837567 0.347656
0.000837609 0.349609

0.00083771 0.349609
0.000837762 0.351562

0.000837884 0.351562
0.000837945 0.353516

0.000838087 0.353516
0.000838157 0.355469

0.000838316 0.355469
0.000838395 0.357422

0.00083857 0.357422
0.000838655 0.359375

0.000838845 0.359375
0.000838936 0.361328

0.000839139 0.361328
0.000839236 0.363281

0.000839449 0.363281
0.000839551 0.365234

0.000839774 0.365234
0.000839881 0.367188

0.000840113 0.367188
0.000840224 0.369141

0.000840464 0.369141
0.000840578 0.371094

0.000840826 0.371094
0.000840944 0.373047

0.0008412 0.373047
0.000841321 0.375

0.000841584 0.375
0.00084171 0.376953

0.000841981 0.376953
0.00084211 0.378906

0.000842391 0.378906
0.000842524 0.380859

0.000842814 0.380859
0.000842953 0.382812

0.000843253 0.382812
0.000843396 0.384766

0.000843708 0.384766
0.000843857 0.386719

0.000844181 0.386719
0.000844336 0.388672

0.000844674 0.388672
0.000844835 0.390625

0.000845186 0.390625
0.000845354 0.392578

0.000845719 0.392578
0.000845894 0.394531

0.000846275 0.394531
0.000846456 0.396484

0.000846852 0.396484
0.000847041 0.398438

0.000847452 0.398438
0.000847648 0.400391

0.000848074 0.400391
0.000848277 0.402344

0.000848718 0.402344
0.000848929 0.404297

0.000849385 0.404297
0.000849602 0.40625

0.000850073 0.40625
0.000850298 0.408203

0.000850784 0.408203
0.000851016 0.410156

0.000851517 0.410156
0.000851755 0.412109

0.000852271 0.412109
0.000852518 0.414062

0.000853049 0.414062
0.000853302 0.416016

0.000853849 0.416016
0.00085411 0.417969

0.000854674 0.417969
0.000854943 0.419922

0.000855522 0.419922
0.0008558 0.421875

0.000856397 0.421875
0.000856682 0.423828

0.000857297 0.423828
0.000857591 0.425781

0.000858224 0.425781
0.000858527 0.427734

0.000859178 0.427734
0.000859489 0.429688

0.000860159 0.429688
0.000860479 0.431641

0.000861167 0.431641
0.000861496 0.433594

0.000862202 0.433594
0.000862539 0.435547

0.000863261 0.435547
0.000863606 0.4375

0.000864344 0.4375
0.000864697 0.439453

0.000865449 0.439453
0.000865808 0.441406

0.000866573 0.441406
0.000866938 0.443359

0.000867714 0.443359
0.000868084 0.445312

0.000868868 0.445312
0.000869242 0.447266

0.000870034 0.447266
0.00087041 0.449219

0.000871207 0.449219
0.000871585 0.451172

0.000872385 0.451172
0.000872765 0.453125

0.000873566 0.453125
0.000873946 0.455078

0.000874748 0.455078
0.000875128 0.457031

0.000875929 0.457031
0.00087631 0.458984

0.00087711 0.458984
0.00087749 0.460938

0.000878289 0.460938
0.00087867 0.462891

0.00087947 0.462891
0.000879851 0.464844

0.000880652 0.464844
0.000881035 0.466797

0.000881839 0.466797
0.000882225 0.46875

0.000883035 0.46875
0.000883424 0.470703

0.000884244 0.470703
0.000884638 0.472656

0.000885469 0.472656
0.00088587 0.474609

0.000886717 0.474609
0.000887127 0.476562

0.000887992 0.476562
0.000888412 0.478516

0.0008893 0.478516
0.000889731 0.480469

0.000890644 0.480469
0.000891088 0.482422

0.000892029 0.482422
0.000892487 0.484375

0.000893458 0.484375
0.000893931 0.486328

0.000894934 0.486328
0.000895423 0.488281

0.000896459 0.488281
0.000896964 0.490234

0.000898034 0.490234
0.000898556 0.492188

0.000899658 0.492188
0.000900197 0.494141

0.000901332 0.494141
0.000901887 0.496094

0.000903055 0.496094
0.000903626 0.498047

0.000904825 0.498047
0.000905411 0.5

0.00090664 0.5
0.000907239 0.501953

0.000908496 0.501953
0.00090911 0.503906

0.000910393 0.503906
0.000911019 0.505859

0.000912327 0.505859
0.000912966 0.507812

0.000914297 0.507812
0.000914948 0.509766

0.000916304 0.509766
0.000916967 0.511719

0.000918345 0.511719
0.00091902 0.513672

0.000920422 0.513672
0.000921109 0.515625

0.000922535 0.515625
0.000923234 0.517578

0.000924682 0.517578
0.000925394 0.519531

0.000926866 0.519531
0.00092759 0.521484

0.000929087 0.521484
0.000929825 0.523438

0.000931348 0.523438
0.000932099 0.525391

0.000933648 0.525391
0.000934414 0.527344

0.000935992 0.527344
0.000936773 0.529297

0.000938381 0.529297
0.000939177 0.53125

0.000940816 0.53125
0.000941629 0.533203

0.000943301 0.533203
0.000944132 0.535156

0.000945838 0.535156
0.000946687 0.537109

0.00094843 0.537109
0.000949299 0.539062

0.00095108 0.539062
0.000951969 0.541016

0.000953791 0.541016
0.000954703 0.542969

0.000956569 0.542969
0.000957504 0.544922

0.000959416 0.544922
0.000960376 0.546875

0.000962338 0.546875
0.000963325 0.548828

0.000965339 0.548828
0.000966355 0.550781

0.000968426 0.550781
0.000969473 0.552734

0.000971606 0.552734
0.000972686 0.554688

0.000974885 0.554688
0.000976 0.556641

0.000978265 0.556641
0.000979415 0.558594

0.000981742 0.558594
0.00098293 0.560547

0.000985342 0.560547
0.000986574 0.5625

0.000989068 0.5625
0.000990346 0.564453

0.000992927 0.564453
0.000994252 0.566406

0.000996924 0.566406
0.000998299 0.568359

0.00100107 0.568359
0.00100249 0.570312

0.00100536 0.570312
0.00100684 0.572266

0.00100981 0.572266
0.00101135 0.574219

0.00101443 0.574219
0.00101602 0.576172

0.00101921 0.576172
0.00102087 0.578125

0.00102418 0.578125
0.00102591 0.580078

0.00102934 0.580078
0.00103114 0.582031

0.0010347 0.582031
0.00103658 0.583984

0.00104028 0.583984
0.00104223 0.585938

0.00104608 0.585938
0.00104812 0.587891

0.00105212 0.587891
0.00105425 0.589844

0.00105842 0.589844
0.00106064 0.591797

0.00106499 0.591797
0.00106732 0.59375

0.00107185 0.59375
0.00107429 0.595703

0.00107903 0.595703
0.00108159 0.597656

0.00108654 0.597656
0.00108923 0.599609

0.00109441 0.599609
0.00109724 0.601562

0.00110268 0.601562
0.00110566 0.603516

0.00111137 0.603516
0.00111452 0.605469

0.00112051 0.605469
0.00112384 0.607422

0.00113015 0.607422
0.00113368 0.609375

0.00114033 0.609375
0.00114406 0.611328

0.00115107 0.611328
0.00115504 0.613281

0.00116244 0.613281
0.00116666 0.615234

0.00117448 0.615234
0.00117898 0.617188

0.00118728 0.617188
0.00119209 0.619141

0.00120092 0.619141
0.00120609 0.621094

0.00121552 0.621094
0.00122112 0.623047

0.00123126 0.623047
0.00123735 0.625

0.00124832 0.625
0.00125501 0.626953

0.00126696 0.626953
0.0012744 0.628906

0.00128758 0.628906
0.00129596 0.630859

0.00131072 0.630859
0.0013203 0.632812

0.00133702 0.632812
0.00134816 0.634766

0.00136733 0.634766
0.00138057 0.636719

0.00140312 0.636719
0.00141924 0.638672

0.00144634 0.638672
0.0014662 0.640625

0.00149811 0.640625
0.00152332 0.642578

0.00156269 0.642578
0.00159687 0.644531

0.00165077 0.644531
0.00169553 0.646484

0.00175369 0.646484
0.00181448 0.648438

0.00189158 0.648438
0.00195312 0.650143

0.00195312 0.649666
0.00200598 0.650391

0.00199392 0.650391
0.00214441 0.652344

0.00213643 0.652344
0.00233761 0.654297

0.00233519 0.654297
0.00260784 0.65625

0.00260523 0.65625
0.00295938 0.658203

0.00295675 0.658203
0.00340288 0.660156

0.00340642 0.660156
0.00390625 0.66197

0.00390625 0.662033
0.00392724 0.662109

0.00393729 0.662109
0.00457531 0.664062

0.00457985 0.664062
0.00532135 0.666016

0.00532481 0.666016
0.00585938 0.667261

0.00585938 0.667291
0.00615006 0.667969

0.00615474 0.667969
0.00709873 0.669922

0.00710207 0.669922
0.0078125 0.671237

0.0078125 0.67125
0.00814994 0.671875

0.00815151 0.671875
0.00932251 0.673828

0.00932617 0.673828
0.00976562 0.6745

0.00976562 0.6745
0.010617 0.675781

0.0106141 0.675781
0.0117188 0.677286

0.0117188 0.677276
0.0120577 0.677734

0.0120451 0.677734
0.0136304 0.679688

0.0136387 0.679688
0.0136719 0.679726

0.0136719 0.679738
0.0153807 0.681641

0.0153861 0.681641
0.015625 0.681892

0.015625 0.681896
0.0173183 0.683594

0.0173201 0.683594
0.0175781 0.68384

0.0175781 0.683841
0.0194674 0.685547

0.0194669 0.685547
0.0195312 0.685602

0.0195312 0.685599
0.0214844 0.687202

0.0214844 0.687203
0.0218777 0.6875

0.0218913 0.6875
0.0234375 0.688657

0.0234375 0.688656
0.024604 0.689453

0.0246033 0.689453
0.0253906 0.689985

0.0253906 0.689986
0.0273438 0.691206

0.0273438 0.691209
0.0276893 0.691406

0.0276975 0.691406
0.0292969 0.692321

0.0292969 0.69232
0.03125 0.69334

0.03125 0.693344
0.0312823 0.693359

0.0312948 0.693359
0.0332031 0.694269

0.0332031 0.694268
0.0351562 0.695116

0.0351562 0.695116
0.035655 0.695312

0.0356594 0.695312
0.0371094 0.695883

0.0371094 0.695882
0.0390625 0.696577

0.0390625 0.696576
0.0410156 0.697201

0.0410156 0.697201
0.041242 0.697266

0.0412476 0.697266
0.0429688 0.697756

0.0429688 0.697755
0.0449219 0.698247

0.0449219 0.698246
0.046875 0.698677

0.046875 0.698676
0.0488281 0.699047

0.0488281 0.699047
0.0498975 0.699219

0.049898 0.699219
0.0507812 0.69936

0.0507812 0.69936
0.0527344 0.699617

0.0527344 0.699617
0.0546875 0.699821

0.0546875 0.69982
0.0566406 0.699972

0.0566406 0.699972
0.0585938 0.700074

0.0585938 0.700074
0.0605469 0.700127

0.0605469 0.700126
0.0625 0.700132

0.0625 0.700132
0.0644531 0.700092

0.0644531 0.700091
0.0664062 0.700007

0.0664062 0.700007
0.0683594 0.69988

0.0683594 0.69988
0.0703125 0.699713

0.0703125 0.699712
0.0722656 0.699508

0.0722656 0.699507
0.0742188 0.699266

0.0761719 0.698991
0.0745506 0.699219

0.0761719 0.69899
0.078125 0.698683

0.0742188 0.699266
0.0745531 0.699219

0.078125 0.698683
0.0800781 0.698349

0.0800781 0.698348
0.0820312 0.697992

0.0820312 0.697991
0.0839844 0.697617

0.0859375 0.697228
0.0857461 0.697266

0.0839844 0.697615
0.0857486 0.697266

0.0859375 0.697227
0.0878906 0.696833

0.0878906 0.69683
0.0898438 0.696438

0.0898438 0.696435
0.0917969 0.696054

0.0917969 0.696051
0.09375 0.695692

0.0976562 0.695088
0.0960611 0.695312

0.0976562 0.695082
0.0996094 0.694874

0.0996094 0.694866
0.101562 0.694752

0.09375 0.695688
0.0957031 0.695365

0.0957031 0.695362
0.0960571 0.695312

0.101562 0.694746
0.103516 0.694752

0.103516 0.694746
0.105469 0.694893

0.105469 0.694885
0.107422 0.695204

0.107422 0.695177
0.107915 0.695312

0.107849 0.695312
0.109375 0.695732

0.109375 0.695721
0.111328 0.696516

0.111328 0.696502
0.112685 0.697266

0.1127 0.697266
0.113281 0.697592

0.113281 0.697593
0.115234 0.699037

0.115234 0.699056
0.115426 0.699219

0.115435 0.699219
0.117188 0.700839

0.117188 0.700904
0.11745 0.701172

0.117483 0.701172
0.119141 0.70299

0.119141 0.703029
0.119224 0.703125

0.119236 0.703125
0.120843 0.705078

0.120835 0.705078
0.121094 0.705409

0.121094 0.705425
0.122342 0.707031

0.122352 0.707031
0.123047 0.707952

0.123047 0.707985
0.123801 0.708984

0.123822 0.708984
0.125 0.710529

0.125 0.710596
0.125258 0.710938

0.125296 0.710938
0.126815 0.712891

0.126815 0.712891
0.126953 0.713066

0.126953 0.713071
0.128383 0.714844

0.128394 0.714844
0.128906 0.715462

0.128906 0.71547
0.130027 0.716797

0.130048 0.716797
0.130859 0.717725

0.130859 0.717735
0.131766 0.71875

0.131787 0.71875
0.132812 0.719853

0.132812 0.719858
0.133625 0.720703

0.133631 0.720703
0.134766 0.721844

0.134766 0.721845
0.135602 0.722656

0.135596 0.722656
0.136719 0.723712

0.136719 0.723715
0.137706 0.724609

0.137695 0.724609
0.138672 0.725473

0.138672 0.725481
0.13994 0.726562

0.139927 0.726562
0.140625 0.727148

0.140625 0.72715
0.142294 0.728516

0.142291 0.728516
0.142578 0.728746

0.142578 0.728745
0.144531 0.730281

0.144531 0.730268
0.144795 0.730469

0.144781 0.730469
0.146484 0.731763

0.146484 0.731757
0.147389 0.732422

0.147374 0.732422
0.148438 0.733205

0.148438 0.733201
0.150051 0.734375

0.150045 0.734375
0.150391 0.734622

0.150391 0.734621
0.152344 0.736027

0.152344 0.736019
0.152783 0.736328

0.152765 0.736328
0.154297 0.737426

0.154297 0.737419
0.155498 0.738281

0.155487 0.738281
0.15625 0.738822

0.15625 0.738822
0.1582 0.740234

0.158197 0.740234
0.158203 0.740239

0.158203 0.740226
0.158215 0.740234

0.158203 0.740237
0.160156 0.741668

0.160156 0.74167
0.16087 0.742188

0.160855 0.742188
0.162109 0.74312

0.162109 0.743118
0.163461 0.744141

0.163455 0.744141
0.164062 0.744594

0.164062 0.744597
0.166008 0.746094

0.166006 0.746094
0.166016 0.746101

0.166016 0.7461
0.167969 0.747626

0.167969 0.747629
0.168504 0.748047

0.1685 0.748047
0.169922 0.749174

0.169922 0.749182
0.170956 0.75

0.170943 0.75
0.171875 0.750734

0.171875 0.750743
0.173372 0.751953

0.173372 0.751953
0.173828 0.75232

0.173828 0.752323
0.175779 0.753906

0.175781 0.753909
0.177734 0.755498

0.177734 0.755501
0.178178 0.755859

0.178178 0.755859
0.179688 0.757086

0.179688 0.757094
0.180589 0.757812

0.180577 0.757812
0.181641 0.758663

0.181641 0.758672
0.182999 0.759766

0.182996 0.759766
0.183594 0.760241

0.183594 0.760245
0.185435 0.761719

0.185434 0.761719
0.185547 0.761808

0.185547 0.761809
0.1875 0.763361

0.1875 0.76336
0.187898 0.763672

0.187894 0.763672
0.189453 0.764901

0.189453 0.764906
0.190386 0.765625

0.190373 0.765625
0.191406 0.766425

0.191406 0.766429
0.192885 0.767578

0.192882 0.767578
0.193359 0.767944

0.193359 0.767946
0.195312 0.769453

0.195312 0.769449
0.195421 0.769531

0.195414 0.769531
0.197266 0.770951

0.197266 0.770953
0.197976 0.771484

0.197966 0.771484
0.199219 0.772438

0.199219 0.772438
0.200535 0.773438

0.200528 0.773438
0.201172 0.773917

0.201172 0.77392
0.203116 0.775391

0.203116 0.775391
0.203125 0.775397

0.203125 0.775398
0.205078 0.776869

0.205078 0.776871
0.20572 0.777344

0.205711 0.777344
0.207031 0.778335

0.207031 0.778334
0.208316 0.779297

0.208308 0.779297
0.208984 0.779793

0.208984 0.779797
0.210928 0.78125

0.210928 0.78125
0.210938 0.781257

0.210938 0.781257
0.212891 0.782713

0.212891 0.782716
0.21356 0.783203

0.213551 0.783203
0.214844 0.784164

0.214844 0.784164
0.216182 0.785156

0.216175 0.785156
0.216797 0.785607

0.216797 0.785612
0.21875 0.787056

0.21875 0.787053
0.218827 0.787109

0.218822 0.787109
0.220703 0.788496

0.220703 0.788499
0.221482 0.789062

0.221475 0.789062
0.222656 0.78993

0.222656 0.78993
0.224139 0.791016

0.224134 0.791016
0.224609 0.791357

0.224609 0.79136
0.226562 0.792785

0.226562 0.792783
0.226821 0.792969

0.226816 0.792969
0.228516 0.794204

0.228516 0.794204
0.22951 0.794922

0.229506 0.794922
0.230469 0.795616

0.230469 0.795617
0.232214 0.796875

0.232212 0.796875
0.232422 0.797024

0.232422 0.797026
0.234375 0.798428

0.234375 0.798431
0.234944 0.798828

0.234935 0.798828
0.236328 0.799824

0.236328 0.799824
0.237672 0.800781

0.237666 0.800781
0.238281 0.801211

0.238281 0.801215
0.240234 0.8026

0.240234 0.802598
0.24043 0.802734

0.240424 0.802734
0.242188 0.80398

0.242188 0.80398
0.243194 0.804688

0.243192 0.804688
0.244141 0.805353

0.244141 0.805354
0.245977 0.806641

0.245976 0.806641
0.246094 0.806722

0.246094 0.806723
0.248047 0.808086

0.248047 0.808087
0.248782 0.808594

0.248778 0.808594
0.25 0.809443

0.25 0.809443
0.251594 0.810547

0.25159 0.810547
0.251953 0.810792

0.251953 0.810795
0.253906 0.812142

0.253906 0.812144
0.254434 0.8125

0.254427 0.8125
0.255859 0.813483

0.255859 0.813483
0.257277 0.814453

0.257272 0.814453
0.257812 0.814816

0.257812 0.814819
0.259766 0.81615

0.259766 0.816151
0.260151 0.816406

0.260144 0.816406
0.261719 0.817475

0.261719 0.817474
0.263028 0.818359

0.263025 0.818359
0.263672 0.818792

0.263672 0.818794
0.265625 0.820108

0.265625 0.820109
0.265936 0.820312

0.26593 0.820312
0.267578 0.821417

0.267578 0.821417
0.268851 0.822266

0.268848 0.822266
0.269531 0.822719

0.269531 0.82272
0.271484 0.824017

0.271484 0.824019
0.271795 0.824219

0.271789 0.824219
0.273438 0.825309

0.273438 0.825309
0.274747 0.826172

0.274745 0.826172
0.275391 0.826595

0.275391 0.826596
0.277344 0.827877

0.277344 0.827878
0.277728 0.828125

0.277723 0.828125
0.279297 0.829153

0.279297 0.829153
0.28072 0.830078

0.280717 0.830078
0.28125 0.830421

0.28125 0.830423
0.283203 0.831687

0.283203 0.831688
0.283739 0.832031

0.283736 0.832031
0.285156 0.832947

0.285156 0.832947
0.286773 0.833984

0.28677 0.833984
0.287109 0.834198

0.287109 0.8342
0.289062 0.835448

0.289062 0.835448
0.289832 0.835938

0.289831 0.835938
0.291016 0.836691

0.291016 0.836691
0.292909 0.837891

0.292908 0.837891
0.292969 0.837928

0.292969 0.837929
0.294922 0.83916

0.294922 0.83916
0.296011 0.839844

0.29601 0.839844
0.296875 0.840387

0.296875 0.840387
0.298828 0.841608

0.298828 0.841608
0.299136 0.841797

0.299132 0.841797
0.300781 0.842823

0.300781 0.842823
0.302278 0.84375

0.302276 0.84375
0.302734 0.844032

0.302734 0.844033
0.304688 0.845237

0.304688 0.845237
0.305446 0.845703

0.305446 0.845703
0.306641 0.846437

0.306641 0.846437
0.308594 0.84763

0.308594 0.847629
0.30864 0.847656

0.308636 0.847656
0.310547 0.848819

0.310547 0.848819
0.311852 0.849609

0.311852 0.849609
0.3125 0.850002

0.3125 0.850002
0.314453 0.851179

0.314453 0.851179
0.315092 0.851562

0.315092 0.851562
0.316406 0.852351

0.316406 0.852351
0.318355 0.853516

0.318355 0.853516
0.318359 0.853518

0.318359 0.853518
0.320312 0.85468

0.320312 0.854679
0.321646 0.855469

0.321646 0.855469
0.322266 0.855836

0.322266 0.855835
0.324219 0.856986

0.324219 0.856986
0.324962 0.857422

0.324961 0.857422
0.326172 0.858132

0.326172 0.858132
0.328125 0.859272

0.328125 0.859271
0.328305 0.859375

0.328303 0.859375
0.330078 0.860406

0.330078 0.860406
0.331672 0.861328

0.331672 0.861328
0.332031 0.861536

0.332031 0.861536
0.333984 0.86266

0.333984 0.86266
0.335069 0.863281

0.335069 0.863281
0.335938 0.863779

0.335938 0.863779
0.337891 0.864892

0.337891 0.864892
0.338494 0.865234

0.338493 0.865234
0.339844 0.866001

0.339844 0.866001
0.341797 0.867104

0.341797 0.867103
0.341948 0.867188

0.341946 0.867188
0.34375 0.868202

0.34375 0.868202
0.345429 0.869141

0.345428 0.869141
0.345703 0.869294

0.345703 0.869294
0.347656 0.870381

0.347656 0.870381
0.348942 0.871094

0.348942 0.871094
0.349609 0.871464

0.349609 0.871464
0.351562 0.872541

0.351562 0.87254
0.352485 0.873047

0.352485 0.873047
0.353516 0.873613

0.353516 0.873612
0.355469 0.874679

0.355469 0.874679
0.35606 0.875

0.356059 0.875
0.357422 0.875741

0.357422 0.87574
0.359375 0.876797

0.359375 0.876796
0.359667 0.876953

0.359665 0.876953
0.361328 0.877848

0.361328 0.877848
0.363281 0.878894

0.363281 0.878893
0.363306 0.878906

0.363304 0.878906
0.365234 0.879935

0.365234 0.879935
0.366977 0.880859

0.366977 0.880859
0.367188 0.880971

0.367188 0.880971
0.369141 0.882001

0.369141 0.882001
0.370685 0.882812

0.370685 0.882812
0.371094 0.883027

0.371094 0.883027
0.373047 0.884048

0.373047 0.884048
0.374428 0.884766

0.374427 0.884766
0.375 0.885063

0.375 0.885063
0.376953 0.886074

0.376953 0.886074
0.378206 0.886719

0.378206 0.886719
0.378906 0.887079

0.378906 0.887079
0.380859 0.88808

0.380859 0.88808
0.382021 0.888672

0.382021 0.888672
0.382812 0.889075

0.382812 0.889075
0.384766 0.890066

0.384766 0.890065
0.385875 0.890625

0.385874 0.890625
0.386719 0.891051

0.386719 0.891051
0.388672 0.892031

0.388672 0.892031
0.389767 0.892578

0.389766 0.892578
0.390625 0.893007

0.390625 0.893007
0.392578 0.893977

0.392578 0.893977
0.393698 0.894531

0.393698 0.894531
0.394531 0.894943

0.394531 0.894943
0.396484 0.895904

0.396484 0.895904
0.397671 0.896484

0.397671 0.896484
0.398438 0.89686

0.398438 0.896859
0.400391 0.89781

0.400391 0.89781
0.401686 0.898438

0.401685 0.898438
0.402344 0.898756

0.402344 0.898756
0.404297 0.899697

0.404297 0.899697
0.405744 0.900391

0.405744 0.900391
0.40625 0.900633

0.40625 0.900633
0.408203 0.901564

0.408203 0.901565
0.409846 0.902344

0.409846 0.902344
0.410156 0.902491

0.410156 0.902491
0.412109 0.903412

0.412109 0.903412
0.413994 0.904297

0.413994 0.904297
0.414062 0.904329

0.414062 0.904329
0.416016 0.905241

0.416016 0.905241
0.417969 0.906148

0.417969 0.906147
0.418191 0.90625

0.418189 0.90625
0.419922 0.90705

0.419922 0.90705
0.421875 0.907948

0.421875 0.907947
0.422435 0.908203

0.422434 0.908203
0.423828 0.90884

0.423828 0.90884
0.425781 0.909728

0.425781 0.909728
0.426729 0.910156

0.426728 0.910156
0.427734 0.910611

0.427734 0.910611
0.429688 0.911489

0.429688 0.911489
0.431074 0.912109

0.431074 0.912109
0.431641 0.912363

0.431641 0.912363
0.433594 0.913232

0.433594 0.913232
0.435472 0.914062

0.435472 0.914062
0.435547 0.914096

0.435547 0.914096
0.4375 0.914955

0.4375 0.914955
0.439453 0.915809

0.439453 0.915809
0.439928 0.916016

0.439927 0.916016
0.441406 0.916659

0.441406 0.916659
0.443359 0.917504

0.443359 0.917504
0.444439 0.917969

0.444438 0.917969
0.445312 0.918345

0.445312 0.918345
0.447266 0.919181

0.447266 0.919181
0.449007 0.919922

0.449007 0.919922
0.449219 0.920012

0.449219 0.920012
0.451172 0.920838

0.451172 0.920838
0.453125 0.92166

0.453125 0.92166
0.45364 0.921875

0.453638 0.921875
0.455078 0.922477

0.455078 0.922477
0.457031 0.92329

0.457031 0.92329
0.458333 0.923828

0.458333 0.923828
0.458984 0.924098

0.458984 0.924097
0.460938 0.924901

0.460938 0.924901
0.462891 0.925699

0.462891 0.925699
0.463094 0.925781

0.463092 0.925781
0.464844 0.926494

0.464844 0.926493
0.466797 0.927283

0.466797 0.927283
0.467921 0.927734

0.46792 0.927734
0.46875 0.928068

0.46875 0.928068
0.470703 0.928848

0.470703 0.928848
0.472656 0.929624

0.472656 0.929623
0.47282 0.929688

0.472818 0.929688
0.474609 0.930395

0.474609 0.930395
0.476562 0.931161

0.476562 0.931161
0.477791 0.931641

0.47779 0.931641
0.478516 0.931924

0.478516 0.931923
0.480469 0.932681

0.480469 0.932681
0.482422 0.933434

0.482422 0.933433
0.48284 0.933594

0.482839 0.933594
0.484375 0.934183

0.484375 0.934182
0.486328 0.934926

0.486328 0.934926
0.487967 0.935547

0.487967 0.935547
0.488281 0.935666

0.488281 0.935666
0.490234 0.936401

0.490234 0.936401
0.492188 0.937131

0.492188 0.937131
0.49318 0.9375

0.493179 0.9375
0.494141 0.937857

0.494141 0.937857
0.496094 0.938579

0.496094 0.938579
0.498047 0.939296

0.498047 0.939295
0.49848 0.939453

0.498478 0.939453
0.5 0.940009

0.5 0.940008
0.501953 0.940717

0.501953 0.940717
0.503867 0.941406

0.503867 0.941406
0.503906 0.94142

0.503906 0.94142
0.505859 0.94212

0.505859 0.94212
0.507812 0.942815

0.507812 0.942815
0.509354 0.943359

0.509353 0.943359
0.509766 0.943505

0.509766 0.943505
0.511719 0.944191

0.511719 0.944191
0.513672 0.944873

0.513672 0.944873
0.51494 0.945312

0.51494 0.945312
0.515625 0.94555

0.515625 0.94555
0.517578 0.946223

0.517578 0.946223
0.519531 0.946891

0.519531 0.946891
0.520632 0.947266

0.520631 0.947266
0.521484 0.947556

0.521484 0.947556
0.523438 0.948215

0.523438 0.948215
0.525391 0.948871

0.525391 0.948871
0.526434 0.949219

0.526433 0.949219
0.527344 0.949522

0.527344 0.949522
0.529297 0.950169

0.529297 0.950169
0.53125 0.950811

0.53125 0.950811
0.532354 0.951172

0.532353 0.951172
0.533203 0.95145

0.533203 0.951449
0.535156 0.952083

0.535156 0.952083
0.537109 0.952713

0.537109 0.952713
0.538397 0.953125

0.538397 0.953125
0.539062 0.953338

0.539062 0.953338
0.541016 0.953959

0.541016 0.953959
0.542969 0.954576

0.542969 0.954576
0.544571 0.955078

0.544571 0.955078
0.544922 0.955188

0.544922 0.955188
0.546875 0.955796

0.546875 0.955796
0.548828 0.9564

0.548828 0.9564
0.550781 0.957

0.550781 0.956999
0.550888 0.957031

0.550885 0.957031
0.552734 0.957595

0.552734 0.957595
0.554688 0.958186

0.554688 0.958186
0.556641 0.958773

0.556641 0.958773
0.557351 0.958984

0.557349 0.958984
0.558594 0.959356

0.558594 0.959355
0.560547 0.959934

0.560547 0.959934
0.5625 0.960508

0.5625 0.960508
0.563971 0.960938

0.563971 0.960938
0.564453 0.961078

0.564453 0.961078
0.566406 0.961644

0.566406 0.961644
0.568359 0.962206

0.568359 0.962206
0.570312 0.962763

0.570312 0.962762
0.570765 0.962891

0.570763 0.962891
0.572266 0.963316

0.572266 0.963316
0.574219 0.963865

0.574219 0.963865
0.576172 0.96441

0.576172 0.96441
0.577738 0.964844

0.577738 0.964844
0.578125 0.964951

0.578125 0.964951
0.580078 0.965487

0.580078 0.965487
0.582031 0.96602

0.582031 0.96602
0.583984 0.966548

0.583984 0.966548
0.584912 0.966797

0.584911 0.966797
0.585938 0.967072

0.585938 0.967072
0.587891 0.967592

0.587891 0.967592
0.589844 0.968108

0.589844 0.968108
0.591797 0.96862

0.591797 0.968619
0.5923 0.96875

0.592297 0.96875
0.59375 0.969128

0.59375 0.969127
0.595703 0.969631

0.595703 0.969631
0.597656 0.97013

0.597656 0.97013
0.599609 0.970626

0.599609 0.970625
0.59992 0.970703

0.599917 0.970703
0.601562 0.971117

0.601562 0.971117
0.603516 0.971604

0.603516 0.971604
0.605469 0.972087

0.605469 0.972087
0.607422 0.972566

0.607422 0.972565
0.607796 0.972656

0.607793 0.972656
0.609375 0.973041

0.609375 0.973041
0.611328 0.973512

0.611328 0.973512
0.613281 0.973978

0.613281 0.973978
0.615234 0.974441

0.615234 0.974441
0.615952 0.974609

0.61595 0.974609
0.617188 0.9749

0.617188 0.9749
0.619141 0.975354

0.619141 0.975354
0.621094 0.975805

0.621094 0.975805
0.623047 0.976252

0.623047 0.976252
0.62442 0.976562

0.624419 0.976562
0.625 0.976694

0.625 0.976694
0.626953 0.977133

0.626953 0.977133
0.628906 0.977567

0.628906 0.977567
0.630859 0.977997

0.630859 0.977997
0.632812 0.978424

0.632812 0.978423
0.633239 0.978516

0.633236 0.978516
0.634766 0.978846

0.634766 0.978846
0.636719 0.979265

0.636719 0.979265
0.638672 0.979679

0.638672 0.979679
0.640625 0.98009

0.640625 0.98009
0.642447 0.980469

0.642447 0.980469
0.642578 0.980496

0.642578 0.980496
0.644531 0.980898

0.644531 0.980898
0.646484 0.981297

0.646484 0.981297
0.648438 0.981691

0.648438 0.981691
0.650391 0.982082

0.650391 0.982082
0.652109 0.982422

0.652108 0.982422
0.652344 0.982468

0.652344 0.982468
0.654297 0.982851

0.654297 0.982851
0.65625 0.98323

0.65625 0.98323
0.658203 0.983604

0.658203 0.983604
0.660156 0.983975

0.660156 0.983975
0.662109 0.984342

0.662109 0.984341
0.662292 0.984375

0.662288 0.984375
0.664062 0.984705

0.664062 0.984705
0.666016 0.985063

0.666016 0.985063
0.667969 0.985418

0.667969 0.985418
0.669922 0.985769

0.669922 0.985769
0.671875 0.986116

0.671875 0.986116
0.673081 0.986328

0.67308 0.986328
0.673828 0.98646

0.673828 0.986459
0.675781 0.986799

0.675781 0.986799
0.677734 0.987134

0.677734 0.987134
0.679688 0.987465

0.679688 0.987465
0.681641 0.987793

0.681641 0.987793
0.683594 0.988116

0.683594 0.988116
0.684603 0.988281

0.684601 0.988281
0.685547 0.988436

0.685547 0.988436
0.6875 0.988752

0.6875 0.988752
0.689453 0.989063

0.689453 0.989063
0.691406 0.989371

0.691406 0.989371
0.693359 0.989675

0.693359 0.989675
0.695312 0.989976

0.695312 0.989976
0.697019 0.990234

0.697018 0.990234
0.697266 0.990272

0.697266 0.990272
0.699219 0.990564

0.699219 0.990564
0.701172 0.990853

0.701172 0.990853
0.703125 0.991137

0.703125 0.991137
0.705078 0.991418

0.705078 0.991418
0.707031 0.991695

0.707031 0.991695
0.708984 0.991968

0.708984 0.991968
0.710579 0.992188

0.710578 0.992188
0.710938 0.992237

0.710938 0.992237
0.712891 0.992502

0.712891 0.992502
0.714844 0.992764

0.714844 0.992764
0.716797 0.993021

0.716797 0.993021
0.71875 0.993275

0.71875 0.993275
0.720703 0.993524

0.720703 0.993524
0.722656 0.99377

0.722656 0.99377
0.724609 0.994013

0.724609 0.994012
0.725661 0.994141

0.725658 0.994141
0.726562 0.994251

0.726562 0.994251
0.728516 0.994485

0.728516 0.994485
0.730469 0.994716

0.730469 0.994716
0.732422 0.994942

0.732422 0.994942
0.734375 0.995165

0.734375 0.995165
0.736328 0.995384

0.736328 0.995384
0.738281 0.9956

0.738281 0.9956
0.740234 0.995811

0.740234 0.995811
0.742188 0.996018

0.742188 0.996018
0.742912 0.996094

0.742908 0.996094
0.744141 0.996222

0.744141 0.996222
0.746094 0.996422

0.746094 0.996422
0.748047 0.996618

0.748047 0.996618
0.75 0.99681

0.75 0.99681
0.751953 0.996999

0.751953 0.996999
0.753906 0.997183

0.753906 0.997183
0.755859 0.997364

0.755859 0.997364
0.757812 0.997541

0.757812 0.997541
0.759766 0.997714

0.759766 0.997714
0.761719 0.997884

0.761719 0.997884
0.763645 0.998047

0.763645 0.998047
0.763672 0.998049

0.763672 0.998049
0.765625 0.998211

0.765625 0.998211
0.767578 0.998369

0.767578 0.998369
0.769531 0.998523

0.769531 0.998523
0.771484 0.998673

0.771484 0.998673
0.773438 0.99882

0.773438 0.99882
0.775391 0.998962

0.775391 0.998962
0.777344 0.999101

0.777344 0.999101
0.779297 0.999236

0.779297 0.999236
0.78125 0.999368

0.78125 0.999368
0.783203 0.999495

0.783203 0.999495
0.785156 0.999619

0.785156 0.999619
0.787109 0.999739

0.787109 0.999739
0.789062 0.999855

0.789062 0.999855
0.791016 0.999967

0.791016 0.999967
0.79161 1

0.90625 0.999893
0.904372 1

0.90625 0.999893
0.908203 0.999778

0.908203 0.999778
0.910156 0.999659

0.910156 0.999659
0.912109 0.999537

0.912109 0.999537
0.914062 0.99941

0.914062 0.99941
0.916016 0.99928

0.916016 0.99928
0.917969 0.999146

0.917969 0.999146
0.919922 0.999008

0.919922 0.999008
0.921875 0.998866

0.921875 0.998866
0.923828 0.998721

0.923828 0.998721
0.925781 0.998572

0.925781 0.998572
0.927734 0.998418

0.927734 0.998418
0.929688 0.998261

0.929688 0.998261
0.931641 0.998101

0.933594 0.997936
0.932281 0.998047

0.931641 0.9981
0.932272 0.998047

0.933594 0.997936
0.935547 0.997767

0.935547 0.997768
0.9375 0.997595

0.9375 0.997595
0.939453 0.997419

0.939453 0.997419
0.941406 0.997239

0.941406 0.997239
0.943359 0.997055

0.943359 0.997055
0.945312 0.996868

0.945312 0.996868
0.947266 0.996676

0.947266 0.996676
0.949219 0.996481

0.953125 0.996079
0.952981 0.996094

0.949219 0.996481
0.951172 0.996282

0.951172 0.996282
0.95298 0.996094

0.953125 0.996079
0.955078 0.995872

0.955078 0.995872
0.957031 0.995661

0.957031 0.995661
0.958984 0.995447

0.958984 0.995447
0.960938 0.995228

0.960938 0.995228
0.962891 0.995006

0.962891 0.995006
0.964844 0.99478

0.964844 0.99478
0.966797 0.99455

0.966797 0.99455
0.96875 0.994316

0.970703 0.994078
0.970189 0.994141

0.96875 0.994316
0.970187 0.994141

0.970703 0.994078
0.972656 0.993836

0.972656 0.993836
0.974609 0.993591

0.974609 0.993591
0.976562 0.993341

0.976562 0.993341
0.978516 0.993088

0.978516 0.993088
0.980469 0.992831

0.980469 0.992831
0.982422 0.99257

0.982422 0.99257
0.984375 0.992305

0.986328 0.992036
0.985228 0.992188

0.986328 0.992036
0.988281 0.991763

0.988281 0.991763
0.990234 0.991486

0.990234 0.991486
0.992188 0.991206

0.984375 0.992304
0.985223 0.992188

0.992188 0.991206
0.994141 0.990921

0.994141 0.990921
0.996094 0.990633

0.996094 0.990633
0.998047 0.99034

1 0.990045
0.998748 0.990234

0.998047 0.99034
0.998743 0.990234

0.791602 1
0.792969 1.00008

0.792969 1.00008
0.794922 1.00018

0.794922 1.00018
0.796875 1.00028

0.796875 1.00028
0.798828 1.00038

0.798828 1.00038
0.800781 1.00047

0.800781 1.00047
0.802734 1.00056

0.802734 1.00056
0.804688 1.00065

0.804688 1.00065
0.806641 1.00073

0.806641 1.00073
0.808594 1.00081

0.808594 1.00081
0.810547 1.00088

0.810547 1.00088
0.8125 1.00095

0.8125 1.00095
0.814453 1.00102

0.814453 1.00102
0.816406 1.00108

0.816406 1.00108
0.818359 1.00114

0.818359 1.00114
0.820312 1.0012

0.820312 1.0012
0.822266 1.00125

0.822266 1.00125
0.824219 1.0013

0.824219 1.0013
0.826172 1.00134

0.826172 1.00134
0.828125 1.00138

0.828125 1.00138
0.830078 1.00142

0.830078 1.00142
0.832031 1.00145

0.832031 1.00145
0.833984 1.00148

0.833984 1.00148
0.835938 1.00151

0.835938 1.00151
0.837891 1.00153

0.837891 1.00153
0.839844 1.00154

0.839844 1.00154
0.841797 1.00156

0.841797 1.00156
0.84375 1.00157

0.84375 1.00157
0.845703 1.00158

0.845703 1.00158
0.847656 1.00158

0.847656 1.00158
0.849609 1.00158

0.849609 1.00158
0.851562 1.00157

0.851562 1.00157
0.853516 1.00156

0.853516 1.00156
0.855469 1.00155

0.855469 1.00155
0.857422 1.00153

0.857422 1.00153
0.859375 1.00151

0.859375 1.00151
0.861328 1.00149

0.861328 1.00149
0.863281 1.00146

0.863281 1.00146
0.865234 1.00143

0.865234 1.00143
0.867188 1.0014

0.867188 1.0014
0.869141 1.00136

0.869141 1.00136
0.871094 1.00131

0.871094 1.00131
0.873047 1.00127

0.873047 1.00127
0.875 1.00122

0.875 1.00122
0.876953 1.00116

0.876953 1.00116
0.878906 1.0011

0.878906 1.0011
0.880859 1.00104

0.880859 1.00104
0.882812 1.00098

0.882812 1.00098
0.884766 1.00091

0.884766 1.00091
0.886719 1.00083

0.886719 1.00083
0.888672 1.00076

0.888672 1.00076
0.890625 1.00068

0.890625 1.00068
0.892578 1.00059

0.892578 1.00059
0.894531 1.0005

0.894531 1.0005
0.896484 1.00041

0.896484 1.00041
0.898438 1.00032

0.898438 1.00032
0.900391 1.00022

0.900391 1.00022
0.902344 1.00011

0.902344 1.00011
0.904297 1

0.904297 1
0.904368 1

1 0.990044
1.00195 0.989744

1.00195 0.989744
1.00391 0.98944

1.00391 0.98944
1.00586 0.989132

1.00586 0.989132
1.00781 0.98882

1.01172 0.988184
1.01113 0.988281

1.00781 0.98882
1.00977 0.988504

1.00977 0.988504
1.01113 0.988281

1.01172 0.988184
1.01367 0.98786

1.01367 0.98786
1.01562 0.987533

1.01562 0.987533
1.01758 0.987201

1.01758 0.987201
1.01953 0.986865

1.01953 0.986865
1.02148 0.986526

1.02344 0.986183
1.02261 0.986328

1.02148 0.986526
1.02261 0.986328

1.02344 0.986182
1.02539 0.985835

1.02539 0.985835
1.02734 0.985483

1.02734 0.985483
1.0293 0.985128

1.0293 0.985128
1.03125 0.984768

1.03516 0.984038
1.03336 0.984375

1.03516 0.984037
1.03711 0.983666

1.03711 0.983666
1.03906 0.98329

1.03906 0.98329
1.04102 0.982911

1.04102 0.982911
1.04297 0.982528

1.04492 0.98214
1.0435 0.982422

1.04297 0.982527
1.0435 0.982422

1.04492 0.98214
1.04688 0.981749

1.03125 0.984768
1.0332 0.984405

1.0332 0.984404
1.03336 0.984375

1.04688 0.981749
1.04883 0.981353

1.04883 0.981353
1.05078 0.980954

1.05469 0.980143
1.05312 0.980469

1.05078 0.980953
1.05273 0.98055

1.05273 0.980549
1.05312 0.980469

1.05469 0.980142
1.05664 0.979731

1.05664 0.979731
1.05859 0.979315

1.05859 0.979315
1.06055 0.978895

1.0625 0.978472
1.0623 0.978516

1.06055 0.978895
1.0623 0.978516

1.0625 0.978471
1.06445 0.978044

1.06445 0.978044
1.06641 0.977612

1.06641 0.977612
1.06836 0.977176

1.06836 0.977176
1.07031 0.976735

1.07227 0.976292
1.07107 0.976562

1.07227 0.976291
1.07422 0.975843

1.07422 0.975843
1.07617 0.975391

1.07617 0.975391
1.07812 0.974934

1.07031 0.976735
1.07107 0.976562

1.08008 0.974474
1.0795 0.974609

1.07812 0.974934
1.0795 0.974609

1.08008 0.974473
1.08203 0.974009

1.08203 0.974009
1.08398 0.97354

1.08398 0.97354
1.08594 0.973067

1.08789 0.97259
1.08762 0.972656

1.08789 0.97259
1.08984 0.972109

1.08594 0.973067
1.08762 0.972656

1.08984 0.972109
1.0918 0.971623

1.0918 0.971623
1.09375 0.971134

1.10352 0.968623
1.10303 0.96875

1.10352 0.968623
1.10547 0.968109

1.10547 0.968109
1.10742 0.96759

1.10742 0.96759
1.10938 0.967067

1.11133 0.96654
1.11038 0.966797

1.10938 0.967067
1.11037 0.966797

1.11133 0.96654
1.11328 0.966008

1.11328 0.966008
1.11523 0.965472

1.11523 0.965472
1.11719 0.964932

1.11914 0.964389
1.11751 0.964844

1.11914 0.964388
1.12109 0.96384

1.11719 0.964932
1.1175 0.964844

1.12109 0.96384
1.12305 0.963287

1.125 0.96273
1.12444 0.962891

1.12305 0.963287
1.12444 0.962891

1.0957 0.97064
1.09545 0.970703

1.09375 0.971134
1.09545 0.970703

1.0957 0.97064
1.09766 0.970142

1.09766 0.970142
1.09961 0.96964

1.09961 0.96964
1.10156 0.969134

1.10156 0.969134
1.10303 0.96875

1.13281 0.96046
1.13119 0.960938

1.125 0.96273
1.12695 0.962169

1.12695 0.962169
1.12891 0.961603

1.12891 0.961603
1.13086 0.961034

1.13086 0.961033
1.13118 0.960938

1.13281 0.96046
1.13477 0.959881

1.13477 0.959881
1.13672 0.959298

1.13867 0.958711
1.13776 0.958984

1.13672 0.959298
1.13776 0.958984

1.13867 0.958711
1.14062 0.95812

1.14453 0.956924
1.14418 0.957031

1.14062 0.95812
1.14258 0.957524

1.14258 0.957524
1.14418 0.957031

1.14453 0.956924
1.14648 0.956319

1.14648 0.95632
1.14844 0.955711

1.14844 0.955711
1.15039 0.955097

1.15234 0.95448
1.15045 0.955078

1.15039 0.955096
1.15045 0.955078

1.15234 0.95448
1.1543 0.953858

1.1543 0.953858
1.15625 0.953232

1.1582 0.952601
1.15658 0.953125

1.1582 0.952601
1.16016 0.951966

1.16016 0.951966
1.16211 0.951326

1.16406 0.950682
1.16258 0.951172

1.16211 0.951325
1.16257 0.951172

1.16406 0.950682
1.16602 0.950033

1.16602 0.950033
1.16797 0.94938

1.16992 0.948723
1.16845 0.949219

1.16992 0.948723
1.17188 0.948061

1.16797 0.94938
1.16845 0.949219

1.15625 0.953231
1.15658 0.953125

1.17188 0.948061
1.17383 0.947395

1.17578 0.946724
1.1742 0.947266

1.17383 0.947394
1.1742 0.947266

1.17578 0.946724
1.17773 0.946049

1.17773 0.946048
1.17969 0.945369

1.18164 0.944684
1.17985 0.945312

1.18164 0.944684
1.18359 0.943995

1.18555 0.943302
1.18539 0.943359

1.18359 0.943995
1.18538 0.943359

1.18555 0.943302
1.1875 0.942604

1.17969 0.945368
1.17984 0.945312

1.20312 0.936855
1.20141 0.9375

1.20312 0.936854
1.20508 0.936115

1.20703 0.935371
1.20657 0.935547

1.20508 0.936115
1.20657 0.935547

1.20703 0.935371
1.20898 0.934622

1.20898 0.934622
1.21094 0.933868

1.21289 0.933111
1.21165 0.933594

1.21289 0.93311
1.21484 0.932347

1.21094 0.933868
1.21164 0.933594

1.2168 0.93158
1.21664 0.931641

1.21484 0.932347
1.21664 0.931641

1.2168 0.93158
1.21875 0.930807

1.22266 0.929249
1.22156 0.929688

1.22266 0.929248
1.22461 0.928462

1.22656 0.92767
1.2264 0.927734

1.22461 0.928462
1.2264 0.927734

1.21875 0.930807
1.2207 0.93003

1.2207 0.93003
1.22156 0.929688

1.22656 0.92767
1.22852 0.926874

1.22852 0.926874
1.23047 0.926073

1.23242 0.925268
1.23118 0.925781

1.23242 0.925267
1.23438 0.924457

1.23047 0.926073
1.23118 0.925781

1.24219 0.921166
1.24052 0.921875

1.24219 0.921166
1.24414 0.920331

1.24609 0.919491
1.24509 0.919922

1.24414 0.92033
1.24509 0.919922

1.25 0.917796
1.2496 0.917969

1.24609 0.919491
1.24805 0.918646

1.24805 0.918646
1.2496 0.917969

1.23633 0.923641
1.23588 0.923828

1.23438 0.924457
1.23588 0.923828

1.23633 0.923641
1.23828 0.922821

1.23828 0.922821
1.24023 0.921996

1.24023 0.921995
1.24052 0.921875

1.19141 0.941194
1.19082 0.941406

1.1875 0.942604
1.18945 0.941901

1.18945 0.941901
1.19082 0.941406

1.19141 0.941194
1.19336 0.940482

1.19336 0.940482
1.19531 0.939766

1.19727 0.939045
1.19616 0.939453

1.19531 0.939766
1.19616 0.939453

1.19727 0.939045
1.19922 0.938319

1.19922 0.938319
1.20117 0.937589

1.20117 0.937588
1.20141 0.9375

1.33789 0.874188
1.33643 0.875

1.33789 0.874188
1.33984 0.873093

1.34375 0.870887
1.34338 0.871094

1.3418 0.871993
1.33993 0.873047

1.33984 0.873092
1.33992 0.873047

1.3418 0.871993
1.34338 0.871094

1.35156 0.866404
1.35021 0.867188

1.34375 0.870887
1.3457 0.869775

1.34766 0.868657
1.34681 0.869141

1.3457 0.869774
1.34681 0.869141

1.34766 0.868657
1.34961 0.867533

1.34961 0.867532
1.35021 0.867188

1.35156 0.866403
1.35352 0.865268

1.35547 0.864127
1.35357 0.865234

1.35352 0.865267
1.35357 0.865234

1.35742 0.86298
1.35691 0.863281

1.35742 0.862979
1.35938 0.861826

1.35547 0.864127
1.35691 0.863281

1.36523 0.858331
1.36349 0.859375

1.36719 0.857154
1.36674 0.857422

1.36523 0.85833
1.36674 0.857422

1.37109 0.854781
1.36996 0.855469

1.36719 0.857153
1.36914 0.855969

1.36914 0.855969
1.36996 0.855469

1.37109 0.85478
1.37305 0.853585

1.375 0.852383
1.37316 0.853516

1.37305 0.853583
1.37316 0.853516

1.36133 0.860667
1.36021 0.861328

1.35938 0.861825
1.36021 0.861328

1.36133 0.860667
1.36328 0.859501

1.36328 0.8595
1.36349 0.859375

1.27734 0.905373
1.27548 0.90625

1.27734 0.905373
1.2793 0.904447

1.28125 0.903517
1.27961 0.904297

1.2793 0.904446
1.27961 0.904297

1.25 0.917796
1.25195 0.916941

1.25195 0.916941
1.25391 0.916082

1.25586 0.915217
1.25406 0.916016

1.25391 0.916081
1.25405 0.916016

1.25586 0.915217
1.25781 0.914347

1.25977 0.913473
1.25845 0.914062

1.25977 0.913473
1.26172 0.912593

1.26367 0.911709
1.26279 0.912109

1.26172 0.912593
1.26279 0.912109

1.26367 0.911708
1.26562 0.910819

1.25781 0.914347
1.25845 0.914062

1.26758 0.909924
1.26707 0.910156

1.26758 0.909924
1.26953 0.909024

1.26562 0.910819
1.26707 0.910156

1.27148 0.908119
1.2713 0.908203

1.26953 0.909024
1.2713 0.908203

1.27148 0.908119
1.27344 0.907209

1.27344 0.907208
1.27539 0.906293

1.27539 0.906292
1.27548 0.90625

1.28516 0.901639
1.28369 0.902344

1.28125 0.903516
1.2832 0.90258

1.2832 0.902579
1.28369 0.902344

1.28516 0.901639
1.28711 0.900692

1.28906 0.899741
1.28773 0.900391

1.28711 0.900692
1.28773 0.900391

1.29297 0.897822
1.29172 0.898438

1.29297 0.897821
1.29492 0.896854

1.29688 0.895881
1.29566 0.896484

1.29492 0.896853
1.29566 0.896484

1.28906 0.899741
1.29102 0.898784

1.29102 0.898783
1.29172 0.898438

1.30859 0.889931
1.30725 0.890625

1.30859 0.889931
1.31055 0.88892

1.3125 0.887904
1.31102 0.888672

1.31055 0.888919
1.31102 0.888672

1.30078 0.893919
1.29957 0.894531

1.29688 0.895881
1.29883 0.894903

1.29883 0.894902
1.29956 0.894531

1.30078 0.893919
1.30273 0.89293

1.30469 0.891936
1.30343 0.892578

1.30273 0.89293
1.30342 0.892578

1.30469 0.891936
1.30664 0.890936

1.30664 0.890935
1.30724 0.890625

1.31641 0.885855
1.31476 0.886719

1.3125 0.887904
1.31445 0.886882

1.31445 0.886881
1.31476 0.886719

1.31641 0.885855
1.31836 0.884822

1.32031 0.883784
1.31847 0.884766

1.31836 0.884821
1.31846 0.884766

1.32227 0.882741
1.32213 0.882812

1.32227 0.882741
1.32422 0.881691

1.32617 0.880636
1.32576 0.880859

1.32422 0.881691
1.32576 0.880859

1.32617 0.880636
1.32812 0.879576

1.32031 0.883784
1.32213 0.882812

1.33008 0.87851
1.32935 0.878906

1.33008 0.87851
1.33203 0.877438

1.32812 0.879576
1.32935 0.878906

1.33398 0.876361
1.33291 0.876953

1.33203 0.877437
1.33291 0.876953

1.33398 0.87636
1.33594 0.875277

1.33594 0.875276
1.33643 0.875

1.43555 0.811943
1.43476 0.8125

1.4375 0.810526
1.43747 0.810547

1.43555 0.81194
1.43747 0.810547

1.39062 0.842545
1.38875 0.84375

1.39258 0.841288
1.39179 0.841797

1.39062 0.842545
1.39179 0.841797

1.39258 0.841287
1.39453 0.840023

1.39648 0.838752
1.39481 0.839844

1.39844 0.837476
1.3978 0.837891

1.39648 0.838752
1.3978 0.837891

1.39453 0.84002
1.39481 0.839844

1.40234 0.834901
1.40077 0.835938

1.4043 0.833606
1.40372 0.833984

1.40234 0.834901
1.40372 0.833984

1.4043 0.833604
1.40625 0.8323

1.39844 0.837474
1.40039 0.836191

1.40039 0.836188
1.40078 0.835938

1.37695 0.851175
1.37633 0.851562

1.37695 0.851175
1.37891 0.849961

1.38281 0.847516
1.38258 0.847656

1.38086 0.848741
1.37947 0.849609

1.37891 0.84996
1.37947 0.849609

1.38086 0.848741
1.38259 0.847656

1.375 0.852383
1.37633 0.851562

1.38281 0.847514
1.38477 0.846281

1.38672 0.845043
1.38568 0.845703

1.38477 0.846281
1.38568 0.845703

1.38672 0.845042
1.38867 0.843797

1.38867 0.843797
1.38875 0.84375

1.41406 0.827021
1.41244 0.828125

1.41602 0.825686
1.4153 0.826172

1.41406 0.82702
1.4153 0.826172

1.41602 0.825684
1.41797 0.82434

1.41992 0.82299
1.41814 0.824219

1.42188 0.821634
1.42096 0.822266

1.41992 0.82299
1.42096 0.822266

1.41797 0.824341
1.41815 0.824219

1.4082 0.830991
1.40665 0.832031

1.41016 0.829676
1.40955 0.830078

1.4082 0.83099
1.40956 0.830078

1.40625 0.832297
1.40666 0.832031

1.41016 0.829673
1.41211 0.82835

1.41211 0.828348
1.41245 0.828125

1.42383 0.820269
1.42377 0.820312

1.42383 0.820269
1.42578 0.818898

1.42969 0.816138
1.4293 0.816406

1.42773 0.817521
1.42655 0.818359

1.42578 0.818895
1.42655 0.818359

1.42773 0.817521
1.42931 0.816406

1.42188 0.821633
1.42377 0.820312

1.42969 0.816135
1.43164 0.814744

1.43359 0.813345
1.43205 0.814453

1.43164 0.814742
1.43205 0.814453

1.43359 0.813345
1.43477 0.8125

1.44141 0.80768
1.44016 0.808594

1.4375 0.810526
1.43945 0.809106

1.43945 0.809101
1.44016 0.808594

1.44336 0.806248
1.44281 0.806641

1.44141 0.807679
1.44282 0.806641

1.44336 0.806244
1.44531 0.804802

1.44727 0.803353
1.44547 0.804688

1.44922 0.801898
1.4481 0.802734

1.44727 0.803349
1.4481 0.802734

1.45117 0.800435
1.4507 0.800781

1.45117 0.800433
1.45312 0.798961

1.44922 0.801897
1.45071 0.800781

1.44531 0.804804
1.44547 0.804688

1.45703 0.795998
1.45588 0.796875

1.45898 0.794506
1.45843 0.794922

1.45703 0.795997
1.45844 0.794922

1.45898 0.794503
1.46094 0.793001

1.4668 0.788456
1.46601 0.789062

1.46875 0.786918
1.4685 0.787109

1.4668 0.788451
1.46851 0.787109

1.46289 0.791491
1.46098 0.792969

1.46484 0.789976
1.4635 0.791016

1.46289 0.791489
1.46351 0.791016

1.46094 0.793003
1.46098 0.792969

1.46484 0.789973
1.46602 0.789062

1.45508 0.797482
1.4533 0.798828

1.45312 0.798963
1.4533 0.798828

1.45508 0.797477
1.45589 0.796875

1.47656 0.780713
1.47588 0.78125

1.47852 0.779137
1.47832 0.779297

1.47656 0.780709
1.47832 0.779297

1.47852 0.779137
1.48047 0.777556

1.48242 0.775967
1.48073 0.777344

1.48438 0.774375
1.48313 0.775391

1.48242 0.775966
1.48314 0.775391

1.48047 0.777558
1.48073 0.777344

1.49609 0.764624
1.49489 0.765625

1.5 0.761301
1.49951 0.761719

1.49805 0.762968
1.49721 0.763672

1.49609 0.764612
1.49722 0.763672

1.49805 0.762962
1.49951 0.761719

1.48633 0.772772
1.48551 0.773438

1.48828 0.771155
1.48788 0.771484

1.48633 0.772767
1.48788 0.771484

1.49219 0.767902
1.49024 0.769531

1.48828 0.771154
1.49023 0.769532

1.49023 0.769535
1.49024 0.769531

1.48438 0.774368
1.48552 0.773438

1.49414 0.766264
1.49257 0.767578

1.49219 0.767905
1.49258 0.767578

1.49414 0.766263
1.49491 0.765625

1.47266 0.783828
1.47098 0.785156

1.46875 0.786917
1.4707 0.785377

1.4707 0.785378
1.47099 0.785156

1.47461 0.782277
1.47344 0.783203

1.47266 0.783825
1.47345 0.783203

1.47461 0.782272
1.47589 0.78125

1.71875 0.497268
1.7183 0.498047

1.7183 0.498047
1.71718 0.5

1.75 0.438165
1.74937 0.439453

1.74937 0.439453
1.74842 0.441406

1.74805 0.442155
1.74745 0.443359

1.74745 0.443359
1.74649 0.445312

1.74805 0.442155
1.74842 0.441406

1.74609 0.4461
1.74551 0.447266

1.74551 0.447266
1.74454 0.449219

1.74414 0.450002
1.74355 0.451172

1.74355 0.451172
1.74256 0.453125

1.74414 0.450004
1.74454 0.449219

1.74609 0.4461
1.74649 0.445312

1.74219 0.453864
1.74157 0.455078

1.74157 0.455078
1.74057 0.457031

1.74023 0.457684
1.73957 0.458984

1.73957 0.458984
1.73856 0.460938

1.74023 0.457684
1.74057 0.457031

1.73828 0.461464
1.73754 0.462891

1.73754 0.462891
1.73652 0.464844

1.73633 0.465206
1.73549 0.466797

1.73549 0.466797
1.73446 0.46875

1.73633 0.465206
1.73652 0.464844

1.73828 0.461464
1.73856 0.460938

1.74219 0.453864
1.74256 0.453125

1.72656 0.48336
1.726 0.484375

1.73047 0.476205
1.73028 0.476562

1.73242 0.472576
1.73238 0.472656

1.73438 0.46891
1.73342 0.470703

1.73242 0.472576
1.73342 0.470703

1.73238 0.472656
1.73133 0.474609

1.73047 0.476205
1.73133 0.474609

1.72852 0.4798
1.72815 0.480469

1.73028 0.476562
1.72922 0.478516

1.72852 0.4798
1.72922 0.478516

1.72815 0.480469
1.72708 0.482422

1.72656 0.48336
1.72708 0.482422

1.72266 0.49038
1.72164 0.492188

1.72461 0.486886
1.72383 0.488281

1.726 0.484375
1.72492 0.486328

1.72461 0.486886
1.72492 0.486328

1.72383 0.488281
1.72274 0.490234

1.72266 0.49038
1.72274 0.490234

1.7207 0.49384
1.72053 0.494141

1.72053 0.494141
1.71942 0.496094

1.7207 0.49384
1.72164 0.492188

1.71875 0.497268
1.71942 0.496094

1.73438 0.46891
1.73446 0.46875

1.851 0
1.851 0.00195312

1.851 0.00195312
1.85099 0.00390625

1.85099 0.00390625
1.85098 0.00585938

1.85098 0.00585938
1.85097 0.0078125

1.85097 0.0078125
1.85095 0.00976562

1.85095 0.00976562
1.85093 0.0117188

1.85093 0.0117188
1.85091 0.0136719

1.85091 0.0136719
1.85088 0.015625

1.85088 0.015625
1.85084 0.0175781

1.85084 0.0175781
1.85081 0.0195312

1.85081 0.0195312
1.85077 0.0214844

1.85077 0.0214844
1.85072 0.0234375

1.85072 0.0234375
1.85068 0.0253906

1.85068 0.0253906
1.85063 0.0273438

1.85063 0.0273438
1.85057 0.0292969

1.85057 0.0292969
1.85051 0.03125

1.85051 0.03125
1.85045 0.0332031

1.85045 0.0332031
1.85038 0.0351562

1.85038 0.0351562
1.85031 0.0371094

1.85031 0.0371094
1.85024 0.0390625

1.85024 0.0390625
1.85016 0.0410156

1.85016 0.0410156
1.85008 0.0429688

1.85008 0.0429688
1.84999 0.0449219

1.84999 0.0449219
1.8499 0.046875

1.8499 0.046875
1.84981 0.0488281

1.84981 0.0488281
1.84971 0.0507812

1.84971 0.0507812
1.8495 0.0546875

1.8495 0.0546875
1.84939 0.0566406

1.84939 0.0566406
1.84928 0.0585938

1.84928 0.0585938
1.84917 0.0605469

1.84917 0.0605469
1.84905 0.0625

1.84375 0.120236
1.84365 0.121094

1.84365 0.121094
1.84341 0.123047

1.84341 0.123047
1.84316 0.125

1.84905 0.0625
1.84892 0.0644531

1.84892 0.0644531
1.84879 0.0664062

1.84879 0.0664062
1.84866 0.0683594

1.84866 0.0683594
1.84853 0.0703125

1.84853 0.0703125
1.84839 0.0722656

1.84839 0.0722656
1.84824 0.0742188

1.84824 0.0742188
1.8481 0.0761719

1.8481 0.0761719
1.84794 0.078125

1.84766 0.0817226
1.84763 0.0820312

1.84763 0.0820312
1.84747 0.0839844

1.84747 0.0839844
1.8473 0.0859375

1.84794 0.078125
1.84779 0.0800781

1.84766 0.0817226
1.84779 0.0800781

1.8473 0.0859375
1.84713 0.0878906

1.84713 0.0878906
1.84696 0.0898438

1.84696 0.0898438
1.84678 0.0917969

1.84678 0.0917969
1.8466 0.09375

1.8466 0.09375
1.84641 0.0957031

1.84641 0.0957031
1.84622 0.0976562

1.84622 0.0976562
1.84603 0.0996094

1.84603 0.0996094
1.84583 0.101562

1.8457 0.102816
1.84563 0.103516

1.84563 0.103516
1.84543 0.105469

1.8457 0.102816
1.84583 0.101562

1.84543 0.105469
1.84522 0.107422

1.84522 0.107422
1.845 0.109375

1.845 0.109375
1.84479 0.111328

1.84479 0.111328
1.84457 0.113281

1.84457 0.113281
1.84434 0.115234

1.84434 0.115234
1.84411 0.117188

1.84411 0.117188
1.84388 0.119141

1.84375 0.120236
1.84388 0.119141

1.84316 0.125
1.84291 0.126953

1.84291 0.126953
1.84266 0.128906

1.84266 0.128906
1.84241 0.130859

1.84241 0.130859
1.84215 0.132812

1.8418 0.135405
1.84162 0.136719

1.84215 0.132812
1.84188 0.134766

1.8418 0.135405
1.84188 0.134766

1.84162 0.136719
1.84135 0.138672

1.84135 0.138672
1.84107 0.140625

1.84107 0.140625
1.84079 0.142578

1.84079 0.142578
1.84051 0.144531

1.84051 0.144531
1.84022 0.146484

1.84022 0.146484
1.83993 0.148438

1.83984 0.149012
1.83964 0.150391

1.83964 0.150391
1.83934 0.152344

1.83934 0.152344
1.83903 0.154297

1.83903 0.154297
1.83873 0.15625

1.83984 0.149012
1.83993 0.148438

1.83873 0.15625
1.83842 0.158203

1.83842 0.158203
1.8381 0.160156

1.83789 0.161452
1.83778 0.162109

1.83778 0.162109
1.83746 0.164062

1.83789 0.161452
1.8381 0.160156

1.83746 0.164062
1.83713 0.166016

1.83713 0.166016
1.8368 0.167969

1.8368 0.167969
1.83647 0.169922

1.83647 0.169922
1.83613 0.171875

1.83594 0.172978
1.83579 0.173828

1.83579 0.173828
1.83544 0.175781

1.83544 0.175781
1.83509 0.177734

1.83509 0.177734
1.83474 0.179688

1.83474 0.179688
1.83438 0.181641

1.83438 0.181641
1.83402 0.183594

1.83398 0.183763
1.83365 0.185547

1.83365 0.185547
1.83328 0.1875

1.83398 0.183763
1.83402 0.183594

1.83594 0.172978
1.83613 0.171875

1.82812 0.212752
1.82809 0.212891

1.82809 0.212891
1.82767 0.214844

1.82767 0.214844
1.82724 0.216797

1.82724 0.216797
1.8268 0.21875

1.83203 0.193927
1.83176 0.195312

1.83328 0.1875
1.8329 0.189453

1.8329 0.189453
1.83253 0.191406

1.83253 0.191406
1.83214 0.193359

1.83203 0.193927
1.83214 0.193359

1.83176 0.195312
1.83137 0.197266

1.83137 0.197266
1.83097 0.199219

1.83097 0.199219
1.83057 0.201172

1.83057 0.201172
1.83017 0.203125

1.83008 0.203566
1.82976 0.205078

1.82976 0.205078
1.82935 0.207031

1.83008 0.203566
1.83017 0.203125

1.82935 0.207031
1.82894 0.208984

1.82894 0.208984
1.82852 0.210938

1.82812 0.212752
1.82852 0.210938

1.82617 0.221537
1.82592 0.222656

1.8268 0.21875
1.82636 0.220703

1.82617 0.221537
1.82636 0.220703

1.82592 0.222656
1.82547 0.224609

1.82547 0.224609
1.82502 0.226562

1.82422 0.229972
1.8241 0.230469

1.8241 0.230469
1.82364 0.232422

1.82364 0.232422
1.82317 0.234375

1.82502 0.226562
1.82456 0.228516

1.82422 0.229972
1.82456 0.228516

1.82031 0.24593
1.82027 0.246094

1.82027 0.246094
1.81977 0.248047

1.81977 0.248047
1.81927 0.25

1.82227 0.238093
1.82222 0.238281

1.82317 0.234375
1.8227 0.236328

1.82227 0.238093
1.8227 0.236328

1.82222 0.238281
1.82174 0.240234

1.82174 0.240234
1.82125 0.242188

1.82125 0.242188
1.82076 0.244141

1.82031 0.24593
1.82076 0.244141

1.8125 0.274913
1.81236 0.275391

1.81236 0.275391
1.8118 0.277344

1.8118 0.277344
1.81124 0.279297

1.81124 0.279297
1.81067 0.28125

1.80859 0.288236
1.80835 0.289062

1.81055 0.28166
1.81009 0.283203

1.81009 0.283203
1.80951 0.285156

1.81055 0.28166
1.81067 0.28125

1.80951 0.285156
1.80893 0.287109

1.80859 0.288236
1.80893 0.287109

1.80835 0.289062
1.80775 0.291016

1.80775 0.291016
1.80716 0.292969

1.80664 0.294653
1.80656 0.294922

1.80656 0.294922
1.80595 0.296875

1.80664 0.294653
1.80716 0.292969

1.80469 0.30092
1.80411 0.302734

1.80411 0.302734
1.80349 0.304688

1.80273 0.307046
1.80223 0.308594

1.80349 0.304688
1.80287 0.306641

1.80273 0.307046
1.80287 0.306641

1.80223 0.308594
1.8016 0.310547

1.8016 0.310547
1.80096 0.3125

1.80595 0.296875
1.80534 0.298828

1.80534 0.298828
1.80473 0.300781

1.80469 0.30092
1.80473 0.300781

1.78125 0.367088
1.78121 0.367188

1.78121 0.367188
1.78044 0.369141

1.78044 0.369141
1.77966 0.371094

1.7793 0.372004
1.77888 0.373047

1.77888 0.373047
1.77809 0.375

1.7793 0.372004
1.77966 0.371094

1.79688 0.324664
1.79636 0.326172

1.79636 0.326172
1.79568 0.328125

1.79297 0.335841
1.79293 0.335938

1.79492 0.330305
1.79432 0.332031

1.79568 0.328125
1.795 0.330078

1.79492 0.330305
1.795 0.330078

1.79432 0.332031
1.79363 0.333984

1.79297 0.335841
1.79363 0.333984

1.79293 0.335938
1.79224 0.337891

1.79224 0.337891
1.79153 0.339844

1.79102 0.341274
1.79083 0.341797

1.79083 0.341797
1.79011 0.34375

1.79102 0.341274
1.79153 0.339844

1.80078 0.313041
1.80032 0.314453

1.80032 0.314453
1.79967 0.316406

1.79883 0.318911
1.79836 0.320312

1.79967 0.316406
1.79901 0.318359

1.79883 0.318911
1.79901 0.318359

1.80078 0.313041
1.80096 0.3125

1.79836 0.320312
1.79769 0.322266

1.79769 0.322266
1.79703 0.324219

1.79688 0.324664
1.79703 0.324219

1.78906 0.346612
1.78868 0.347656

1.78868 0.347656
1.78795 0.349609

1.78795 0.349609
1.78722 0.351562

1.78516 0.357018
1.785 0.357422

1.785 0.357422
1.78425 0.359375

1.78711 0.351859
1.78649 0.353516

1.78649 0.353516
1.78575 0.355469

1.78711 0.351859
1.78722 0.351562

1.78516 0.357018
1.78575 0.355469

1.79011 0.34375
1.7894 0.345703

1.78906 0.346612
1.7894 0.345703

1.7832 0.362092
1.78274 0.363281

1.78425 0.359375
1.7835 0.361328

1.7832 0.362092
1.7835 0.361328

1.78274 0.363281
1.78198 0.365234

1.78125 0.367088
1.78198 0.365234

1.81836 0.253509
1.81826 0.253906

1.81927 0.25
1.81877 0.251953

1.81836 0.253509
1.81877 0.251953

1.81826 0.253906
1.81774 0.255859

1.81774 0.255859
1.81722 0.257812

1.81641 0.260853
1.81617 0.261719

1.81617 0.261719
1.81564 0.263672

1.81564 0.263672
1.81511 0.265625

1.81722 0.257812
1.8167 0.259766

1.81641 0.260853
1.8167 0.259766

1.81445 0.267983
1.81402 0.269531

1.81511 0.265625
1.81457 0.267578

1.81445 0.267983
1.81457 0.267578

1.81402 0.269531
1.81347 0.271484

1.81347 0.271484
1.81292 0.273438

1.8125 0.274913
1.81292 0.273438

1.76562 0.404493
1.76485 0.40625

1.77344 0.386322
1.77327 0.386719

1.77327 0.386719
1.77245 0.388672

1.77245 0.388672
1.77163 0.390625

1.77734 0.376848
1.7773 0.376953

1.7773 0.376953
1.7765 0.378906

1.77539 0.381618
1.7749 0.382812

1.7765 0.378906
1.7757 0.380859

1.77539 0.381618
1.7757 0.380859

1.77734 0.376848
1.77809 0.375

1.7749 0.382812
1.77409 0.384766

1.77344 0.386322
1.77409 0.384766

1.76953 0.39553
1.76912 0.396484

1.76912 0.396484
1.76828 0.398438

1.77148 0.390958
1.7708 0.392578

1.7708 0.392578
1.76996 0.394531

1.77148 0.390958
1.77163 0.390625

1.76953 0.39553
1.76996 0.394531

1.76758 0.400042
1.76743 0.400391

1.76743 0.400391
1.76657 0.402344

1.76758 0.400042
1.76828 0.398438

1.76657 0.402344
1.76571 0.404297

1.76562 0.404493
1.76571 0.404297

1.75781 0.421738
1.75775 0.421875

1.76172 0.413223
1.76134 0.414062

1.76367 0.408885
1.7631 0.410156

1.76485 0.40625
1.76398 0.408203

1.76367 0.408885
1.76398 0.408203

1.7631 0.410156
1.76222 0.412109

1.76172 0.413223
1.76222 0.412109

1.75977 0.417506
1.75955 0.417969

1.76134 0.414062
1.76045 0.416016

1.75977 0.417506
1.76045 0.416016

1.75955 0.417969
1.75865 0.419922

1.75781 0.421738
1.75865 0.419922

1.75775 0.421875
1.75684 0.423828

1.75684 0.423828
1.75592 0.425781

1.75586 0.425917
1.755 0.427734

1.755 0.427734
1.75408 0.429688

1.75586 0.425917
1.75592 0.425781

1.75391 0.430047
1.75315 0.431641

1.75315 0.431641
1.75221 0.433594

1.75195 0.434129
1.75127 0.435547

1.75127 0.435547
1.75032 0.4375

1.75195 0.434129
1.75221 0.433594

1.75391 0.430047
1.75408 0.429688

1.75 0.438165
1.75032 0.4375

1.51367 0.74941
1.513 0.75

1.51562 0.747674
1.5152 0.748047

1.51367 0.749406
1.51521 0.748047

1.53125 0.733463
1.53026 0.734375

1.52344 0.740643
1.52173 0.742188

1.51758 0.745929
1.51739 0.746094

1.51758 0.74593
1.51953 0.744177

1.51562 0.747673
1.51739 0.746094

1.52148 0.742414
1.51957 0.744141

1.51953 0.74418
1.51957 0.744141

1.52148 0.742417
1.52174 0.742188

1.52734 0.737078
1.52601 0.738281

1.52539 0.738864
1.52388 0.740234

1.52344 0.740645
1.52389 0.740234

1.52539 0.738863
1.52603 0.738281

1.5293 0.735275
1.52814 0.736328

1.52734 0.737072
1.52816 0.736328

1.5293 0.73527
1.53027 0.734375

1.54688 0.718631
1.54675 0.71875

1.55078 0.714821
1.55076 0.714844

1.54883 0.716731
1.54876 0.716797

1.54688 0.718631
1.54876 0.716797

1.54883 0.716731
1.55076 0.714844

1.55078 0.714822
1.55273 0.712901

1.55469 0.71097
1.55275 0.712891

1.55273 0.712901
1.55275 0.712891

1.55664 0.709029
1.55472 0.710938

1.55859 0.707077
1.55669 0.708984

1.55664 0.709028
1.55668 0.708984

1.56055 0.705113
1.55864 0.707031

1.5625 0.70314
1.56058 0.705078

1.56055 0.705112
1.56058 0.705078

1.55859 0.707075
1.55864 0.707031

1.55469 0.71097
1.55472 0.710938

1.53906 0.726126
1.5386 0.726562

1.53516 0.729814
1.53446 0.730469

1.5332 0.731643
1.53236 0.732422

1.53125 0.733459
1.53237 0.732422

1.5332 0.731638
1.53446 0.730469

1.53711 0.727975
1.53654 0.728516

1.53516 0.729808
1.53654 0.728516

1.53711 0.72797
1.53861 0.726562

1.54297 0.722399
1.5427 0.722656

1.54102 0.724268
1.54066 0.724609

1.53906 0.726123
1.54066 0.724609

1.54102 0.724266
1.5427 0.722656

1.54492 0.72052
1.54473 0.720703

1.54297 0.722398
1.54473 0.720703

1.54492 0.72052
1.54675 0.71875

1.57812 0.686945
1.5776 0.6875

1.59375 0.669993
1.59205 0.671875

1.58594 0.678563
1.58491 0.679688

1.58203 0.682779
1.58127 0.683594

1.58008 0.684868
1.57944 0.685547

1.57812 0.68695
1.57943 0.685547

1.58008 0.684872
1.58126 0.683594

1.58398 0.680678
1.5831 0.681641

1.58203 0.682781
1.58308 0.681641

1.58398 0.680679
1.5849 0.679688

1.58984 0.674301
1.5885 0.675781

1.58789 0.676435
1.58671 0.677734

1.58594 0.678564
1.5867 0.677734

1.58789 0.676438
1.58849 0.675781

1.5918 0.672155
1.59028 0.673828

1.58984 0.6743
1.59027 0.673828

1.5918 0.67215
1.59205 0.671875

1.60938 0.652227
1.60927 0.652344

1.60742 0.654495
1.6059 0.65625

1.60927 0.652344
1.60759 0.654297

1.60742 0.654489
1.60759 0.654297

1.62109 0.638326
1.62081 0.638672

1.62081 0.638672
1.61919 0.640625

1.62305 0.635955
1.62243 0.636719

1.625 0.633575
1.62403 0.634766

1.62305 0.635963
1.62402 0.634766

1.62109 0.638326
1.62242 0.636719

1.61328 0.647647
1.61262 0.648438

1.61719 0.643018
1.61592 0.644531

1.61523 0.645335
1.61428 0.646484

1.61328 0.647656
1.61426 0.646484

1.61523 0.645342
1.61591 0.644531

1.61133 0.649944
1.61095 0.650391

1.60938 0.652227
1.61095 0.650391

1.61133 0.649945
1.61261 0.648438

1.61914 0.64068
1.61756 0.642578

1.61719 0.643013
1.61755 0.642578

1.61914 0.640673
1.61918 0.640625

1.59961 0.663428
1.59905 0.664062

1.60156 0.661213
1.60078 0.662109

1.59961 0.663435
1.60077 0.662109

1.5957 0.667818
1.59557 0.667969

1.59766 0.665629
1.59731 0.666016

1.5957 0.667818
1.59731 0.666016

1.59557 0.667969
1.59381 0.669922

1.59375 0.669987
1.59381 0.669922

1.59766 0.665631
1.59905 0.664062

1.60352 0.658981
1.6025 0.660156

1.60547 0.656747
1.6042 0.658203

1.60352 0.658988
1.6042 0.658203

1.60156 0.66122
1.60248 0.660156

1.60547 0.656744
1.6059 0.65625

1.57031 0.695132
1.57014 0.695312

1.56641 0.699158
1.56635 0.699219

1.56445 0.701155
1.56444 0.701172

1.56444 0.701172
1.56251 0.703125

1.56445 0.701155
1.56635 0.699219

1.56836 0.697151
1.56825 0.697266

1.56641 0.699158
1.56825 0.697266

1.56836 0.697151
1.57014 0.695312

1.57422 0.691061
1.57389 0.691406

1.57227 0.693103
1.57202 0.693359

1.57031 0.695133
1.57202 0.693359

1.57227 0.693104
1.57389 0.691406

1.57617 0.689009
1.57575 0.689453

1.57422 0.691064
1.57575 0.689453

1.57617 0.689013
1.57759 0.6875

1.5625 0.703137
1.56251 0.703125

1.67969 0.560034
1.67935 0.560547

1.67934 0.560547
1.67802 0.5625

1.68359 0.554202
1.68328 0.554688

1.6875 0.54828
1.68714 0.548828

1.68714 0.548828
1.68586 0.550781

1.68555 0.551256
1.68457 0.552734

1.68359 0.554205
1.68457 0.552734

1.68555 0.551258
1.68586 0.550781

1.68164 0.557133
1.68066 0.558594

1.68327 0.554688
1.68197 0.556641

1.68164 0.557136
1.68197 0.556641

1.67969 0.560038
1.68066 0.558594

1.65625 0.593288
1.65592 0.59375

1.63281 0.623893
1.63194 0.625

1.63867 0.616466
1.63812 0.617188

1.64062 0.613965
1.63964 0.615234

1.63867 0.616472
1.63964 0.615234

1.63672 0.618962
1.63658 0.619141

1.63658 0.619141
1.63504 0.621094

1.63477 0.621439
1.63349 0.623047

1.63281 0.623902
1.63348 0.623047

1.63477 0.621433
1.63503 0.621094

1.63672 0.618963
1.63811 0.617188

1.64453 0.608896
1.64417 0.609375

1.64844 0.603768
1.64715 0.605469

1.64648 0.60634
1.64566 0.607422

1.64453 0.608899
1.64566 0.607422

1.64648 0.606347
1.64714 0.605469

1.65039 0.601172
1.6501 0.601562

1.65234 0.598563
1.65157 0.599609

1.65039 0.601175
1.65156 0.599609

1.6543 0.595938
1.65302 0.597656

1.65591 0.59375
1.65447 0.595703

1.6543 0.595933
1.65447 0.595703

1.65234 0.598569
1.65302 0.597656

1.6501 0.601562
1.64863 0.603516

1.64844 0.603763
1.64862 0.603516

1.64258 0.611441
1.64116 0.613281

1.64417 0.609375
1.64266 0.611328

1.64258 0.611434
1.64266 0.611328

1.64062 0.613967
1.64115 0.613281

1.66797 0.577023
1.66719 0.578125

1.67188 0.571442
1.67131 0.572266

1.6713 0.572266
1.66994 0.574219

1.66992 0.574245
1.66857 0.576172

1.66797 0.577026
1.66857 0.576172

1.66992 0.574238
1.66994 0.574219

1.66211 0.585238
1.66161 0.585938

1.66406 0.582524
1.66302 0.583984

1.66211 0.585243
1.66302 0.583984

1.66016 0.587946
1.65878 0.589844

1.6582 0.590628
1.65735 0.591797

1.65625 0.593291
1.65735 0.591797

1.6582 0.590632
1.65877 0.589844

1.66161 0.585938
1.6602 0.587891

1.66016 0.587939
1.66019 0.587891

1.66602 0.579781
1.66581 0.580078

1.66581 0.580078
1.66441 0.582031

1.66602 0.579783
1.66719 0.578125

1.66406 0.582526
1.66441 0.582031

1.67578 0.56578
1.67536 0.566406

1.67383 0.568626
1.67266 0.570312

1.67536 0.566406
1.67401 0.568359

1.67383 0.568623
1.67401 0.568359

1.67773 0.562922
1.67669 0.564453

1.67578 0.565783
1.67669 0.564453

1.67773 0.562925
1.67802 0.5625

1.67188 0.571444
1.67266 0.570312

1.69922 0.529944
1.6984 0.53125

1.70117 0.5268
1.70084 0.527344

1.70312 0.523631
1.70204 0.525391

1.70117 0.526801
1.70204 0.525391

1.70084 0.527344
1.69962 0.529297

1.69922 0.529945
1.69962 0.529297

1.71094 0.510679
1.71032 0.511719

1.70898 0.513959
1.70799 0.515625

1.71032 0.511719
1.70916 0.513672

1.70898 0.513961
1.70916 0.513672

1.71289 0.507371
1.71263 0.507812

1.71484 0.504035
1.71378 0.505859

1.71289 0.507371
1.71378 0.505859

1.7168 0.500666
1.71605 0.501953

1.71605 0.501953
1.71492 0.503906

1.7168 0.500666
1.71718 0.5

1.71484 0.504035
1.71492 0.503906

1.71263 0.507812
1.71148 0.509766

1.71094 0.510679
1.71148 0.509766

1.70703 0.51721
1.70681 0.517578

1.70681 0.517578
1.70563 0.519531

1.70508 0.520434
1.70444 0.521484

1.70444 0.521484
1.70324 0.523438

1.70508 0.520434
1.70563 0.519531

1.70703 0.517211
1.70799 0.515625

1.70312 0.523632
1.70324 0.523438

1.69531 0.536155
1.69471 0.537109

1.69471 0.537109
1.69346 0.539062

1.69141 0.542266
1.69095 0.542969

1.68945 0.545287
1.68842 0.546875

1.69095 0.542969
1.68969 0.544922

1.68945 0.545289
1.68969 0.544922

1.69336 0.539224
1.69221 0.541016

1.69141 0.542267
1.69221 0.541016

1.69336 0.539224
1.69346 0.539062

1.69727 0.533061
1.69718 0.533203

1.69718 0.533203
1.69595 0.535156

1.69727 0.533063
1.6984 0.53125

1.69531 0.536155
1.69595 0.535156

1.6875 0.548282
1.68842 0.546875

1.62891 0.628768
1.62879 0.628906

1.62695 0.631181
1.62563 0.632812

1.62879 0.628906
1.62721 0.630859

1.62695 0.631175
1.62721 0.630859

1.63086 0.626336
1.63037 0.626953

1.62891 0.628768
1.63037 0.626953

1.63086 0.62634
1.63193 0.625

1.625 0.633579
1.62562 0.632812

1.50586 0.756255
1.50406 0.757812

1.50781 0.754558
1.50631 0.755859

1.50586 0.756258
1.50632 0.755859

1.50195 0.759627
1.50179 0.759766

1.5 0.7613
1.50179 0.759766

1.50195 0.759627
1.50391 0.757946

1.50391 0.757949
1.50406 0.757812

1.50977 0.752857
1.50855 0.753906

1.51172 0.751137
1.51078 0.751953

1.50977 0.752846
1.51079 0.751953

1.50781 0.754557
1.50856 0.753906

1.51172 0.751127
1.51301 0.75

