0.00345418 0
0.00345381 0.00195312

0.00345381 0.00195312
0.00345267 0.00390625

0.00345267 0.00390625
0.00345079 0.00585938

0.00345079 0.00585938
0.00344814 0.0078125

0.00344814 0.0078125
0.00344473 0.00976562

0.00344473 0.00976562
0.00344055 0.0117188

0.00344055 0.0117188
0.00343559 0.0136719

0.00343559 0.0136719
0.00342987 0.015625

0.00342987 0.015625
0.00342336 0.0175781

0.00342336 0.0175781
0.00341607 0.0195312

0.00341607 0.0195312
0.003408 0.0214844

0.003408 0.0214844
0.00339913 0.0234375

0.00339913 0.0234375
0.00338948 0.0253906

0.00338948 0.0253906
0.00337905 0.0273438

0.00337905 0.0273438
0.00336782 0.0292969

0.00336782 0.0292969
0.0033558 0.03125

0.0033558 0.03125
0.00334299 0.0332031

0.00334299 0.0332031
0.0033294 0.0351562

0.0033294 0.0351562
0.00331502 0.0371094

0.00331502 0.0371094
0.00329987 0.0390625

0.00329987 0.0390625
0.00328393 0.0410156

0.00328393 0.0410156
0.00326722 0.0429688

0.00326722 0.0429688
0.00324974 0.0449219

0.00324974 0.0449219
0.0032315 0.046875

0.0032315 0.046875
0.0032125 0.0488281

0.0032125 0.0488281
0.00319275 0.0507812

0.00319275 0.0507812
0.00317225 0.0527344

0.00317225 0.0527344
0.00315101 0.0546875

0.00315101 0.0546875
0.00312905 0.0566406

0.00312904 0.0566406
0.00310636 0.0585938

0.00310636 0.0585938
0.00308296 0.0605469

0.00308296 0.0605469
0.00305886 0.0625

0.00305885 0.0625
0.00303406 0.0644531

0.00303406 0.0644531
0.00300858 0.0664062

0.00300858 0.0664062
0.00298244 0.0683594

0.00298243 0.0683594
0.00295563 0.0703125

0.00295563 0.0703125
0.00292819 0.0722656

0.00292818 0.0722656
0.00290011 0.0742188

0.00290011 0.0742188
0.00287142 0.0761719

0.00287141 0.0761719
0.00284213 0.078125

0.00284213 0.078125
0.00281227 0.0800781

0.00281226 0.0800781
0.00278184 0.0820312

0.00278184 0.0820312
0.00275088 0.0839844

0.00275088 0.0839844
0.00271942 0.0859375

0.00271941 0.0859375
0.00268747 0.0878906

0.00268746 0.0878906
0.00265507 0.0898438

0.00265506 0.0898438
0.00262225 0.0917969

0.00262224 0.0917969
0.00258905 0.09375

0.00258904 0.09375
0.00255551 0.0957031

0.0025555 0.0957031
0.00252167 0.0976562

0.00252166 0.0976562
0.00248759 0.0996094

0.00248757 0.0996094
0.0024533 0.101562

0.00245329 0.101562
0.00241888 0.103516

0.00241886 0.103516
0.00238436 0.105469

0.00238435 0.105469
0.00234982 0.107422

0.00234981 0.107422
0.00231532 0.109375

0.0023153 0.109375
0.00228091 0.111328

0.00228089 0.111328
0.00224667 0.113281

0.00224665 0.113281
0.00221265 0.115234

0.00221263 0.115234
0.00217893 0.117188

0.00217891 0.117188
0.00214556 0.119141

0.00214555 0.119141
0.00211262 0.121094

0.00211261 0.121094
0.00208017 0.123047

0.00208016 0.123047
0.00204827 0.125

0.00204825 0.125
0.00201697 0.126953

0.00201744 0.126953
0.00198587 0.128906

0.00195312 0.130089
0.00194356 0.130859

0.00193386 0.130859
0.00191166 0.132812

0.00195312 0.130784
0.00199105 0.128906

0.00188962 0.132812
0.00186901 0.134766

0.00184701 0.134766
0.0018275 0.136719

0.00180588 0.136719
0.00178744 0.138672

0.00176632 0.138672
0.00174894 0.140625

0.00172838 0.140625
0.00171204 0.142578

0.00169213 0.142578
0.00167677 0.144531

0.00165756 0.144531
0.00164315 0.146484

0.00162466 0.146484
0.00161115 0.148438

0.00159339 0.148438
0.00158072 0.150391

0.00156367 0.150391
0.00155177 0.152344

0.00153542 0.152344
0.00152421 0.154297

0.00150849 0.154297
0.00149791 0.15625

0.00148277 0.15625
0.00147274 0.158203

0.0014581 0.158203
0.00144855 0.160156

0.00143434 0.160156
0.00142519 0.162109

0.00141133 0.162109
0.00140253 0.164062

0.00138896 0.164062
0.00138045 0.166016

0.00136711 0.166016
0.00135885 0.167969

0.00134569 0.167969
0.00133763 0.169922

0.00132462 0.169922
0.00131676 0.171875

0.00130387 0.171875
0.00129619 0.173828

0.00128342 0.173828
0.00127591 0.175781

0.00126329 0.175781
0.00125596 0.177734

0.0012435 0.177734
0.00123636 0.179688

0.00122411 0.179688
0.00121717 0.181641

0.00120516 0.181641
0.00119845 0.183594

0.00118673 0.183594
0.00118026 0.185547

0.00116887 0.185547
0.00116267 0.1875

0.00115166 0.1875
0.00114574 0.189453

0.00113514 0.189453
0.0011295 0.191406

0.00111935 0.191406
0.001114 0.193359

0.00110431 0.193359
0.00109926 0.195312

0.00109003 0.195312
0.00108527 0.197266

0.00107651 0.197266
0.00107203 0.199219

0.00106373 0.199219
0.00105951 0.201172

0.00105167 0.201172
0.0010477 0.203125

0.00104028 0.203125
0.00103656 0.205078

0.00102954 0.205078
0.00102604 0.207031

0.00101941 0.207031
0.00101612 0.208984

0.00100986 0.208984
0.00100676 0.210938

0.00100085 0.210938
0.000997946 0.212891

0.000992371 0.212891
0.000989643 0.214844

0.000984394 0.214844
0.00098184 0.216797

0.000976909 0.216797
0.000974522 0.21875

0.000969905 0.21875
0.000967681 0.220703

0.00096337 0.220703
0.000961305 0.222656

0.000957296 0.222656
0.000955385 0.224609

0.000951672 0.224609
0.000949911 0.226562

0.000946488 0.226562
0.000944871 0.228516

0.000941729 0.228516
0.000940252 0.230469

0.000937382 0.230469
0.000936038 0.232422

0.000933429 0.232422
0.000932212 0.234375

0.000929851 0.234375
0.000928755 0.236328

0.000926629 0.236328
0.000925646 0.238281

0.000923742 0.238281
0.000922864 0.240234

0.000921166 0.240234
0.000920385 0.242188

0.000918875 0.242188
0.000918181 0.244141

0.000916838 0.244141
0.000916221 0.246094

0.000915023 0.246094
0.00091447 0.248047

0.000913392 0.248047
0.00091289 0.25

0.000911905 0.25
0.000911443 0.251953

0.000910524 0.251953
0.000910089 0.253906

0.000909211 0.253906
0.000908791 0.255859

0.000907934 0.255859
0.00090752 0.257812

0.000906667 0.257812
0.000906253 0.259766

0.000905394 0.259766
0.000904977 0.261719

0.000904107 0.261719
0.000903686 0.263672

0.00090281 0.263672
0.000902388 0.265625

0.000901512 0.265625
0.000901094 0.267578

0.00090023 0.267578
0.000899821 0.269531

0.000898983 0.269531
0.000898591 0.271484

0.000897792 0.271484
0.000897422 0.273438

0.000896676 0.273438
0.000896334 0.275391

0.000895651 0.275391
0.000895341 0.277344

0.000894729 0.277344
0.000894455 0.279297

0.000893921 0.279297
0.000893684 0.28125

0.000893231 0.28125
0.000893034 0.283203

0.000892665 0.283203
0.000892508 0.285156

0.000892223 0.285156
0.000892107 0.287109

0.000891906 0.287109
0.000891829 0.289062

0.000891709 0.289062
0.00089167 0.291016

0.000891629 0.291016
0.000891626 0.292969

0.000891657 0.292969
0.000891688 0.294922

0.000891786 0.294922
0.000891847 0.296875

0.000892006 0.296875
0.000892096 0.298828

0.000892311 0.298828
0.000892427 0.300781

0.000892694 0.300781
0.000892836 0.302734

0.000893159 0.302734
0.000893329 0.304688

0.000893714 0.304688
0.000893917 0.306641

0.000894376 0.306641
0.000894619 0.308594

0.000895167 0.308594
0.000895457 0.310547

0.000896111 0.310547
0.000896455 0.3125

0.000897232 0.3125
0.000897638 0.314453

0.000898548 0.314453
0.000899018 0.316406

0.000900064 0.316406
0.000900599 0.318359

0.000901777 0.318359
0.000902372 0.320312

0.000903669 0.320312
0.000904317 0.322266

0.000905713 0.322266
0.000906406 0.324219

0.000907887 0.324219
0.000908623 0.326172

0.000910185 0.326172
0.000910962 0.328125

0.000912612 0.328125
0.000913439 0.330078

0.000915198 0.330078
0.00091609 0.332031

0.000917997 0.332031
0.000918974 0.333984

0.000921077 0.333984
0.000922162 0.335938

0.000924508 0.335938
0.000925723 0.337891

0.000928356 0.337891
0.000929721 0.339844

0.000932674 0.339844
0.000934203 0.341797

0.000937497 0.341797
0.000939198 0.34375

0.000942839 0.34375
0.000944714 0.345703

0.000948698 0.345703
0.000950747 0.347656

0.00095507 0.347656
0.000957295 0.349609

0.000961963 0.349609
0.000964376 0.351562

0.00096942 0.351562
0.000972037 0.353516

0.000977483 0.353516
0.000980317 0.355469

0.000986149 0.355469
0.000989293 0.357422

0.000995908 0.357422
0.00099947 0.359375

0.00100691 0.359375
0.00101096 0.361328

0.00101939 0.361328
0.00102401 0.363281

0.00103359 0.363281
0.00103889 0.365234

0.00104978 0.365234
0.00105586 0.367188

0.00106827 0.367188
0.00107532 0.369141

0.00108956 0.369141
0.00109782 0.371094

0.00111441 0.371094
0.00112429 0.373047

0.00114401 0.373047
0.00115606 0.375

0.00117986 0.375
0.00119482 0.376953

0.0012238 0.376953
0.00124272 0.378906

0.00127844 0.378906
0.00130313 0.380859

0.00134845 0.380859
0.00138218 0.382812

0.0014441 0.382812
0.00148764 0.384766

0.00154515 0.384766
0.00161999 0.386719

0.00176853 0.386719
0.00186642 0.388672

0.00188967 0.388672
0.00195312 0.389424

0.00195312 0.389189
0.00212408 0.390625

0.00211198 0.390625
0.00245302 0.392578

0.00243794 0.392578
0.00293369 0.394531

0.00292187 0.394531
0.00362612 0.396484

0.00361189 0.396484
0.00390625 0.397084

0.00390625 0.397075
0.00457505 0.398438

0.00456112 0.398438
0.00582238 0.400391

0.00584229 0.400391
0.00585938 0.400414

0.00585938 0.400461
0.00743074 0.402344

0.00743855 0.402344
0.0078125 0.402734

0.0078125 0.402741
0.00950951 0.404297

0.00950511 0.404297
0.00976562 0.404511

0.00976562 0.404499
0.0117188 0.405912

0.0117188 0.405892
0.0123337 0.40625

0.0123304 0.40625
0.0136719 0.407031

0.0136719 0.407017
0.015625 0.407941

0.015625 0.407932
0.0163209 0.408203

0.0163286 0.408203
0.0175781 0.40869

0.0175781 0.408684
0.0195312 0.409318

0.0195312 0.409307
0.0214844 0.409848

0.0214844 0.409834
0.022755 0.410156

0.0227483 0.410156
0.0234375 0.410331

0.0234375 0.410305
0.0253906 0.410834

0.0253906 0.410794
0.0273438 0.411486

0.0273438 0.4114
0.0286254 0.412109

0.0285613 0.412109
0.0292969 0.412518

0.0292969 0.412458
0.0311453 0.414062

0.0310924 0.414062
0.03125 0.414231

0.03125 0.414213
0.0327069 0.416016

0.0326359 0.416016
0.0332031 0.416959

0.0332031 0.416989
0.0337905 0.417969

0.0337627 0.417969
0.0347661 0.419922

0.0347496 0.419922
0.0351562 0.420757

0.0351562 0.420775
0.035692 0.421875

0.0356866 0.421875
0.0366479 0.423828

0.0366442 0.423828
0.0371094 0.424736

0.0371094 0.424742
0.0376415 0.425781

0.0376438 0.425781
0.0386919 0.427734

0.0386928 0.427734
0.0390625 0.428396

0.0390625 0.428395
0.0397849 0.429688

0.0397888 0.429688
0.0409124 0.431641

0.0409156 0.431641
0.0410156 0.431814

0.0410156 0.431812
0.0420566 0.433594

0.0420588 0.433594
0.0429688 0.435144

0.0429688 0.435141
0.0432067 0.435547

0.0432073 0.435547
0.0443508 0.4375

0.0443515 0.4375
0.0449219 0.438481

0.0449219 0.438481
0.0454875 0.439453

0.0454871 0.439453
0.0466159 0.441406

0.0466162 0.441406
0.046875 0.441857

0.046875 0.441858
0.0477379 0.443359

0.0477371 0.443359
0.0488281 0.445266

0.0488281 0.445268
0.0488532 0.445312

0.0488548 0.445312
0.0499704 0.447266

0.0499701 0.447266
0.0507812 0.448687

0.0507812 0.448689
0.0510838 0.449219

0.0510844 0.449219
0.0521993 0.451172

0.0521994 0.451172
0.0527344 0.452108

0.0527344 0.452109
0.0533145 0.453125

0.0533146 0.453125
0.0544313 0.455078

0.0544317 0.455078
0.0546875 0.455525

0.0546875 0.455526
0.0555493 0.457031

0.0555491 0.457031
0.0566406 0.458936

0.0566406 0.458937
0.0566674 0.458984

0.0566686 0.458984
0.0577895 0.460938

0.0577895 0.460938
0.0585938 0.462337

0.0585938 0.462338
0.0589115 0.462891

0.0589119 0.462891
0.0600364 0.464844

0.0600366 0.464844
0.0605469 0.465729

0.0605469 0.465729
0.0611627 0.466797

0.0611628 0.466797
0.0622916 0.46875

0.0622921 0.46875
0.0625 0.46911

0.0625 0.46911
0.0634229 0.470703

0.0634228 0.470703
0.0644531 0.472478

0.0644531 0.472478
0.0645557 0.472656

0.0645567 0.472656
0.0656934 0.474609

0.0656934 0.474609
0.0664062 0.475831

0.0664062 0.475832
0.0668326 0.476562

0.0668328 0.476562
0.0679755 0.478516

0.0679757 0.478516
0.0683594 0.47917

0.0683594 0.47917
0.0691213 0.480469

0.0691212 0.480469
0.0702705 0.482422

0.070271 0.482422
0.0703125 0.482494

0.0703125 0.482493
0.0714232 0.484375

0.0714232 0.484375
0.0722656 0.485798

0.0722656 0.485799
0.072579 0.486328

0.0725793 0.486328
0.0737392 0.488281

0.0737393 0.488281
0.0742188 0.489086

0.0742188 0.489086
0.0749028 0.490234

0.0749028 0.490234
0.0760703 0.492188

0.0760712 0.492188
0.0761719 0.492358

0.0761719 0.492357
0.077242 0.494141

0.0772419 0.494141
0.078125 0.495608

0.078125 0.495608
0.0784169 0.496094

0.0784175 0.496094
0.0795973 0.498047

0.0795974 0.498047
0.0800781 0.49884

0.0800781 0.49884
0.0807812 0.5

0.0807812 0.5
0.0819695 0.501953

0.0819703 0.501953
0.0820312 0.502055

0.0820312 0.502054
0.0831623 0.503906

0.0831623 0.503906
0.0839844 0.505247

0.0839844 0.505248
0.0843591 0.505859

0.0843594 0.505859
0.0855612 0.507812

0.0855615 0.507812
0.0859375 0.508422

0.0859375 0.508422
0.0867675 0.509766

0.0867675 0.509766
0.0878906 0.511577

0.0878906 0.511577
0.0879764 0.511719

0.0879785 0.511719
0.0891944 0.513672

0.0891944 0.513672
0.0898438 0.514711

0.0898438 0.514711
0.0904149 0.515625

0.090415 0.515625
0.0916405 0.517578

0.0916422 0.517578
0.0917969 0.517829

0.0917969 0.517826
0.092871 0.519531

0.092871 0.519531
0.09375 0.520921

0.09375 0.52092
0.0941056 0.521484

0.0941065 0.521484
0.0953471 0.523438

0.0953482 0.523438
0.0957031 0.523997

0.0957031 0.523996
0.0965928 0.525391

0.0965929 0.525391
0.0976562 0.527051

0.0976562 0.527049
0.097841 0.527344

0.0978437 0.527344
0.0990999 0.529297

0.0991001 0.529297
0.0996094 0.530086

0.0996094 0.530086
0.100361 0.53125

0.100361 0.53125
0.101562 0.533102

0.101562 0.533104
0.101625 0.533203

0.101628 0.533203
0.1029 0.535156

0.1029 0.535156
0.103516 0.536097

0.103516 0.536097
0.104178 0.537109

0.104178 0.537109
0.105461 0.539062

0.105461 0.539062
0.105469 0.539074

0.105469 0.539074
0.10675 0.541016

0.10675 0.541016
0.107422 0.542029

0.107422 0.542029
0.108044 0.542969

0.108044 0.542969
0.109345 0.544922

0.109345 0.544922
0.109375 0.544968

0.109375 0.544967
0.11065 0.546875

0.110651 0.546875
0.111328 0.547884

0.111328 0.547884
0.111962 0.548828

0.111962 0.548828
0.11328 0.550781

0.113281 0.550784
0.114603 0.552734

0.114603 0.552734
0.115234 0.553663

0.115234 0.553662
0.115932 0.554688

0.115932 0.554688
0.117188 0.556523

0.117188 0.556528
0.117263 0.556641

0.117267 0.556641
0.118609 0.558594

0.11861 0.558594
0.119141 0.559367

0.119141 0.559365
0.119956 0.560547

0.119957 0.560547
0.121094 0.562188

0.121094 0.562189
0.121305 0.5625

0.12131 0.5625
0.122669 0.564453

0.122674 0.564453
0.123047 0.564999

0.123047 0.564993
0.124035 0.566406

0.124036 0.566406
0.125 0.567779

0.125 0.567775
0.125403 0.568359

0.125408 0.568359
0.126786 0.570312

0.126788 0.570312
0.126953 0.57055

0.126953 0.570548
0.128171 0.572266

0.128172 0.572266
0.128906 0.573298

0.128906 0.573296
0.129561 0.574219

0.129563 0.574219
0.130859 0.57603

0.130859 0.576035
0.130956 0.576172

0.13096 0.576172
0.132365 0.578125

0.13237 0.578125
0.132812 0.578752

0.132812 0.578745
0.133776 0.580078

0.133776 0.580078
0.134766 0.581441

0.134766 0.581437
0.135188 0.582031

0.135193 0.582031
0.136618 0.583984

0.136618 0.583984
0.136719 0.584123

0.136719 0.584123
0.138049 0.585938

0.138052 0.585938
0.138672 0.586789

0.138672 0.586784
0.139486 0.587891

0.139487 0.587891
0.140625 0.589429

0.140625 0.589431
0.140926 0.589844

0.140931 0.589844
0.142382 0.591797

0.142383 0.591797
0.142578 0.592061

0.142578 0.592059
0.14384 0.59375

0.143844 0.59375
0.144531 0.594675

0.144531 0.594669
0.145304 0.595703

0.145307 0.595703
0.146484 0.597266

0.146484 0.597269
0.146773 0.597656

0.146778 0.597656
0.148257 0.599609

0.148258 0.599609
0.148438 0.599848

0.148438 0.599846
0.149744 0.601562

0.149749 0.601562
0.150391 0.602416

0.150391 0.602407
0.151236 0.603516

0.151238 0.603516
0.152344 0.604954

0.152344 0.604956
0.152733 0.605469

0.152738 0.605469
0.154246 0.607422

0.154246 0.607422
0.154297 0.607488

0.154297 0.607488
0.155761 0.609375

0.155765 0.609375
0.15625 0.610007

0.15625 0.610002
0.157284 0.611328

0.157287 0.611328
0.158203 0.612503

0.158203 0.612497
0.158807 0.613281

0.158815 0.613281
0.160156 0.614986

0.160156 0.614991
0.160347 0.615234

0.160351 0.615234
0.161896 0.617188

0.161897 0.617188
0.162109 0.617457

0.162109 0.617456
0.163449 0.619141

0.163454 0.619141
0.164062 0.619915

0.164062 0.619906
0.165007 0.621094

0.165012 0.621094
0.166016 0.622348

0.166016 0.622346
0.166571 0.623047

0.166577 0.623047
0.167969 0.624772

0.167969 0.624777
0.168148 0.625

0.168152 0.625
0.169735 0.626953

0.169736 0.626953
0.169922 0.627183

0.169922 0.627182
0.171327 0.628906

0.17133 0.628906
0.171875 0.62958

0.171875 0.629574
0.172924 0.630859

0.172933 0.630859
0.173828 0.631962

0.173828 0.631953
0.174526 0.632812

0.174533 0.632812
0.175781 0.634322

0.175781 0.634326
0.176143 0.634766

0.176147 0.634766
0.177734 0.636676

0.177734 0.636681
0.177766 0.636719

0.17777 0.636719
0.179401 0.638672

0.179402 0.638672
0.179688 0.639015

0.179688 0.639014
0.18104 0.640625

0.181043 0.640625
0.181641 0.641341

0.181641 0.641333
0.182683 0.642578

0.182697 0.642578
0.183594 0.643655

0.183594 0.643645
0.184336 0.644531

0.184345 0.644531
0.185547 0.645945

0.185547 0.645948
0.186002 0.646484

0.186007 0.646484
0.1875 0.648228

0.1875 0.648233
0.187675 0.648438

0.187678 0.648438
0.189359 0.650391

0.189359 0.650391
0.189453 0.6505

0.189453 0.650499
0.191048 0.652344

0.191049 0.652344
0.191406 0.652757

0.191406 0.652755
0.192745 0.654297

0.192749 0.654297
0.193359 0.655001

0.193359 0.654993
0.194446 0.65625

0.194459 0.65625
0.195312 0.657234

0.195312 0.657227
0.196161 0.658203

0.196176 0.658203
0.197266 0.659454

0.197266 0.659449
0.197886 0.660156

0.197894 0.660156
0.199219 0.661654

0.199219 0.661657
0.19962 0.662109

0.199624 0.662109
0.201172 0.663846

0.201172 0.66385
0.201362 0.664062

0.201365 0.664062
0.203115 0.666016

0.203115 0.666016
0.203125 0.666027

0.203125 0.666026
0.204875 0.667969

0.204875 0.667969
0.205078 0.668194

0.205078 0.668194
0.206643 0.669922

0.206644 0.669922
0.207031 0.670349

0.207031 0.670346
0.208418 0.671875

0.208423 0.671875
0.208984 0.672492

0.208984 0.672484
0.2102 0.673828

0.210212 0.673828
0.210938 0.674622

0.210938 0.674618
0.211998 0.675781

0.212009 0.675781
0.212891 0.676742

0.212891 0.67674
0.213804 0.677734

0.213816 0.677734
0.214844 0.678851

0.214844 0.678849
0.215621 0.679688

0.215631 0.679688
0.216797 0.680948

0.216797 0.680945
0.217446 0.681641

0.217457 0.681641
0.21875 0.683033

0.21875 0.683029
0.21928 0.683594

0.219289 0.683594
0.220703 0.685104

0.220703 0.685101
0.221124 0.685547

0.22113 0.685547
0.222656 0.687162

0.222656 0.687161
0.222978 0.6875

0.222981 0.6875
0.224609 0.689209

0.224609 0.68921
0.224842 0.689453

0.224844 0.689453
0.226562 0.691246

0.226562 0.691248
0.226715 0.691406

0.226716 0.691406
0.228516 0.693272

0.228516 0.693274
0.228598 0.693359

0.228599 0.693359
0.230469 0.695288

0.230469 0.695289
0.230492 0.695312

0.230493 0.695312
0.232396 0.697266

0.232396 0.697266
0.232422 0.697292

0.232422 0.697292
0.23431 0.699219

0.23431 0.699219
0.234375 0.699285

0.234375 0.699285
0.236233 0.701172

0.236234 0.701172
0.236328 0.701268

0.236328 0.701267
0.238167 0.703125

0.238168 0.703125
0.238281 0.703239

0.238281 0.703238
0.240112 0.705078

0.240113 0.705078
0.240234 0.7052

0.240234 0.7052
0.242068 0.707031

0.242068 0.707031
0.242188 0.70715

0.242188 0.707151
0.244035 0.708984

0.244034 0.708984
0.244141 0.70909

0.244141 0.70909
0.246011 0.710938

0.246011 0.710938
0.246094 0.711019

0.246094 0.711019
0.247998 0.712891

0.247998 0.712891
0.248047 0.712938

0.248047 0.712938
0.249997 0.714844

0.249997 0.714844
0.25 0.714847

0.25 0.714847
0.251953 0.716745

0.251953 0.716742
0.25201 0.716797

0.252007 0.716797
0.253906 0.718633

0.253906 0.71863
0.254031 0.71875

0.254027 0.71875
0.255859 0.720511

0.255859 0.720508
0.256063 0.720703

0.256058 0.720703
0.257812 0.722379

0.257812 0.722376
0.258107 0.722656

0.2581 0.722656
0.259766 0.724236

0.259766 0.724234
0.260162 0.724609

0.260153 0.724609
0.261719 0.726083

0.261719 0.726082
0.262229 0.726562

0.262216 0.726562
0.263672 0.727919

0.263672 0.727921
0.264307 0.728516

0.264294 0.728516
0.265625 0.729748

0.265625 0.729751
0.266398 0.730469

0.266385 0.730469
0.267578 0.731569

0.267578 0.731572
0.2685 0.732422

0.268488 0.732422
0.269531 0.73338

0.269531 0.733383
0.270615 0.734375

0.270604 0.734375
0.271484 0.73518

0.271484 0.735187
0.272743 0.736328

0.272732 0.736328
0.273438 0.736971

0.273438 0.736976
0.274878 0.738281

0.274871 0.738281
0.275391 0.738753

0.275391 0.738754
0.277024 0.740234

0.277022 0.740234
0.277344 0.740525

0.277344 0.740525
0.279185 0.742188

0.279185 0.742188
0.279297 0.742288

0.279297 0.742288
0.28125 0.744042

0.28125 0.744036
0.281366 0.744141

0.28136 0.744141
0.283203 0.745787

0.283203 0.745781
0.283555 0.746094

0.283547 0.746094
0.285156 0.747522

0.285156 0.747518
0.285757 0.748047

0.285743 0.748047
0.287109 0.749244

0.287109 0.749247
0.287972 0.75

0.287956 0.75
0.289062 0.750959

0.289062 0.75097
0.290202 0.751953

0.290188 0.751953
0.291016 0.752669

0.291016 0.752675
0.292436 0.753906

0.292431 0.753906
0.292969 0.754371

0.292969 0.754372
0.294686 0.755859

0.294685 0.755859
0.294922 0.756063

0.294922 0.756063
0.296875 0.757746

0.296875 0.75774
0.29696 0.757812

0.296952 0.757812
0.298828 0.75942

0.298828 0.759415
0.299241 0.759766

0.299232 0.759766
0.300781 0.761085

0.300781 0.761083
0.301538 0.761719

0.301522 0.761719
0.302734 0.762735

0.302734 0.762745
0.303849 0.763672

0.303833 0.763672
0.304688 0.764383

0.304688 0.764388
0.306162 0.765625

0.30616 0.765625
0.306641 0.766026

0.306641 0.766027
0.308498 0.767578

0.308497 0.767578
0.308594 0.767658

0.308594 0.767658
0.310547 0.769281

0.310547 0.769276
0.310856 0.769531

0.310848 0.769531
0.3125 0.770896

0.3125 0.770895
0.313225 0.771484

0.313212 0.771484
0.314453 0.772498

0.314453 0.772504
0.315604 0.773438

0.315592 0.773438
0.316406 0.774094

0.316406 0.774098
0.317994 0.775391

0.317992 0.775391
0.318359 0.775688

0.318359 0.775688
0.320312 0.77727

0.320312 0.777265
0.320411 0.777344

0.320402 0.777344
0.322266 0.778845

0.322266 0.778842
0.322839 0.779297

0.322829 0.779297
0.324219 0.780409

0.324219 0.780412
0.32528 0.78125

0.325264 0.78125
0.326172 0.781959

0.326172 0.781966
0.327731 0.783203

0.327728 0.783203
0.328125 0.783515

0.328125 0.783516
0.330078 0.785058

0.330078 0.785053
0.33021 0.785156

0.330201 0.785156
0.332031 0.786594

0.332031 0.786593
0.332701 0.787109

0.332691 0.787109
0.333984 0.788118

0.333984 0.788119
0.335201 0.789062

0.335192 0.789062
0.335938 0.789632

0.335938 0.789636
0.33772 0.791016

0.337718 0.791016
0.337891 0.791148

0.337891 0.791148
0.339844 0.792652

0.339844 0.792649
0.340266 0.792969

0.340256 0.792969
0.341797 0.794148

0.341797 0.794149
0.342819 0.794922

0.342809 0.794922
0.34375 0.795631

0.34375 0.795634
0.345386 0.796875

0.345383 0.796875
0.345703 0.797115

0.345703 0.797115
0.347656 0.798589

0.347656 0.798586
0.347983 0.798828

0.347974 0.798828
0.349609 0.800055

0.349609 0.800056
0.350587 0.800781

0.350579 0.800781
0.351562 0.80151

0.351562 0.801512
0.353208 0.802734

0.353204 0.802734
0.353516 0.802962

0.353516 0.802963
0.355469 0.804407

0.355469 0.804405
0.355858 0.804688

0.355849 0.804688
0.357422 0.805844

0.357422 0.805844
0.358513 0.806641

0.358507 0.806641
0.359375 0.807269

0.359375 0.807272
0.36119 0.808594

0.361188 0.808594
0.361328 0.808694

0.361328 0.808695
0.363281 0.81011

0.363281 0.810113
0.363898 0.810547

0.363887 0.810547
0.365234 0.811518

0.365234 0.811517
0.366606 0.8125

0.366597 0.8125
0.367188 0.812913

0.367188 0.812917
0.369141 0.814311

0.369141 0.814308
0.369348 0.814453

0.36934 0.814453
0.371094 0.815698

0.371094 0.815698
0.372098 0.816406

0.372095 0.816406
0.373047 0.817076

0.373047 0.817077
0.374872 0.818359

0.37487 0.818359
0.375 0.81845

0.375 0.81845
0.376953 0.819816

0.376953 0.819817
0.377672 0.820312

0.377667 0.820312
0.378906 0.821175

0.378906 0.821174
0.380483 0.822266

0.380477 0.822266
0.380859 0.822524

0.380859 0.822527
0.382812 0.823872

0.382812 0.823874
0.383326 0.824219

0.383318 0.824219
0.384766 0.825211

0.384766 0.82521
0.386176 0.826172

0.386171 0.826172
0.386719 0.826539

0.386719 0.826542
0.388672 0.827867

0.388672 0.827868
0.389062 0.828125

0.389054 0.828125
0.390625 0.829186

0.390625 0.829185
0.391955 0.830078

0.391951 0.830078
0.392578 0.830495

0.392578 0.830497
0.394531 0.831802

0.394531 0.831803
0.394884 0.832031

0.394875 0.832031
0.396484 0.833101

0.396484 0.8331
0.397821 0.833984

0.397818 0.833984
0.398438 0.834391

0.398438 0.834392
0.400391 0.835678

0.400391 0.835679
0.400793 0.835938

0.400787 0.835938
0.402344 0.836957

0.402344 0.836957
0.403777 0.837891

0.403774 0.837891
0.404297 0.838228

0.404297 0.838229
0.40625 0.839495

0.40625 0.839496
0.406794 0.839844

0.40679 0.839844
0.408203 0.840755

0.408203 0.840755
0.409827 0.841797

0.409823 0.841797
0.410156 0.842006

0.410156 0.842008
0.412109 0.843255

0.412109 0.843255
0.41289 0.84375

0.412888 0.84375
0.414062 0.844496

0.414062 0.844495
0.415974 0.845703

0.415973 0.845703
0.416016 0.845729

0.416016 0.84573
0.417969 0.846958

0.417969 0.846957
0.419086 0.847656

0.419085 0.847656
0.419922 0.84818

0.419922 0.848179
0.421875 0.849395

0.421875 0.849395
0.422225 0.849609

0.422221 0.849609
0.423828 0.850605

0.423828 0.850604
0.425384 0.851562

0.425382 0.851562
0.425781 0.851807

0.425781 0.851807
0.427734 0.853004

0.427734 0.853004
0.428574 0.853516

0.428572 0.853516
0.429688 0.854196

0.429688 0.854195
0.431641 0.85538

0.431641 0.855379
0.431792 0.855469

0.431787 0.855469
0.433594 0.856559

0.433594 0.856559
0.435031 0.857422

0.43503 0.857422
0.435547 0.857732

0.435547 0.857732
0.4375 0.858898

0.4375 0.858898
0.438303 0.859375

0.438302 0.859375
0.439453 0.860059

0.439453 0.860059
0.441406 0.861214

0.441406 0.861213
0.441604 0.861328

0.4416 0.861328
0.443359 0.862363

0.443359 0.862363
0.444929 0.863281

0.444928 0.863281
0.445312 0.863505

0.445312 0.863506
0.447266 0.864643

0.447266 0.864642
0.448288 0.865234

0.448287 0.865234
0.449219 0.865774

0.449219 0.865774
0.451172 0.866899

0.451172 0.866898
0.451677 0.867188

0.451675 0.867188
0.453125 0.868019

0.453125 0.868018
0.455078 0.869132

0.455078 0.869131
0.455096 0.869141

0.455093 0.869141
0.457031 0.87024

0.457031 0.87024
0.458544 0.871094

0.458544 0.871094
0.458984 0.871342

0.458984 0.871342
0.460938 0.872438

0.460938 0.872438
0.462027 0.873047

0.462027 0.873047
0.462891 0.873529

0.462891 0.873529
0.464844 0.874614

0.464844 0.874613
0.465543 0.875

0.465542 0.875
0.466797 0.875694

0.466797 0.875693
0.46875 0.876767

0.46875 0.876766
0.469092 0.876953

0.46909 0.876953
0.470703 0.877835

0.470703 0.877835
0.472656 0.878897

0.472656 0.878896
0.472676 0.878906

0.472673 0.878906
0.474609 0.879954

0.474609 0.879954
0.476292 0.880859

0.476292 0.880859
0.476562 0.881005

0.476562 0.881005
0.478516 0.88205

0.478516 0.88205
0.479947 0.882812

0.479946 0.882812
0.480469 0.883091

0.480469 0.88309
0.482422 0.884125

0.482422 0.884125
0.483638 0.884766

0.483638 0.884766
0.484375 0.885154

0.484375 0.885154
0.486328 0.886177

0.486328 0.886177
0.487367 0.886719

0.487366 0.886719
0.488281 0.887196

0.488281 0.887195
0.490234 0.888208

0.490234 0.888208
0.491135 0.888672

0.491133 0.888672
0.492188 0.889215

0.492188 0.889215
0.494141 0.890217

0.494141 0.890216
0.494942 0.890625

0.49494 0.890625
0.496094 0.891213

0.496094 0.891213
0.498047 0.892204

0.498047 0.892204
0.498789 0.892578

0.498787 0.892578
0.5 0.89319

0.5 0.89319
0.501953 0.89417

0.501953 0.89417
0.502678 0.894531

0.502676 0.894531
0.503906 0.895145

0.503906 0.895145
0.505859 0.896115

0.505859 0.896114
0.506609 0.896484

0.506608 0.896484
0.507812 0.897079

0.507812 0.897079
0.509766 0.898038

0.509766 0.898038
0.510585 0.898438

0.510583 0.898438
0.511719 0.898992

0.511719 0.898992
0.513672 0.89994

0.513672 0.89994
0.514605 0.900391

0.514604 0.900391
0.515625 0.900884

0.515625 0.900884
0.517578 0.901822

0.517578 0.901822
0.518671 0.902344

0.518671 0.902344
0.519531 0.902755

0.519531 0.902755
0.521484 0.903682

0.521484 0.903682
0.522786 0.904297

0.522785 0.904297
0.523438 0.904605

0.523438 0.904605
0.525391 0.905522

0.525391 0.905522
0.526949 0.90625

0.526948 0.90625
0.527344 0.906435

0.527344 0.906434
0.529297 0.907342

0.529297 0.907342
0.531162 0.908203

0.531162 0.908203
0.53125 0.908244

0.53125 0.908244
0.533203 0.909141

0.533203 0.909141
0.535156 0.910032

0.535156 0.910032
0.535431 0.910156

0.535429 0.910156
0.537109 0.910919

0.537109 0.910919
0.539062 0.911801

0.539062 0.9118
0.539751 0.912109

0.539749 0.912109
0.541016 0.912678

0.541016 0.912678
0.542969 0.913549

0.542969 0.913549
0.544125 0.914062

0.544125 0.914062
0.544922 0.914416

0.544922 0.914416
0.546875 0.915278

0.546875 0.915278
0.548557 0.916016

0.548556 0.916016
0.548828 0.916135

0.548828 0.916135
0.550781 0.916987

0.550781 0.916987
0.552734 0.917834

0.552734 0.917833
0.55305 0.917969

0.553047 0.917969
0.554688 0.918676

0.554688 0.918676
0.556641 0.919513

0.556641 0.919512
0.557601 0.919922

0.5576 0.919922
0.558594 0.920345

0.558594 0.920345
0.560547 0.921172

0.560547 0.921172
0.562215 0.921875

0.562215 0.921875
0.5625 0.921995

0.5625 0.921995
0.564453 0.922813

0.564453 0.922813
0.566406 0.923626

0.566406 0.923625
0.566897 0.923828

0.566894 0.923828
0.568359 0.924434

0.568359 0.924434
0.570312 0.925237

0.570312 0.925237
0.571643 0.925781

0.571642 0.925781
0.572266 0.926036

0.572266 0.926036
0.574219 0.92683

0.574219 0.92683
0.576172 0.927619

0.576172 0.927618
0.576462 0.927734

0.57646 0.927734
0.578125 0.928403

0.578125 0.928403
0.580078 0.929182

0.580078 0.929182
0.581352 0.929688

0.581351 0.929688
0.582031 0.929957

0.582031 0.929957
0.583984 0.930727

0.583984 0.930727
0.585938 0.931492

0.585938 0.931492
0.58632 0.931641

0.586317 0.931641
0.587891 0.932253

0.587891 0.932253
0.589844 0.933009

0.589844 0.933009
0.591364 0.933594

0.591364 0.933594
0.591797 0.93376

0.591797 0.93376
0.59375 0.934507

0.59375 0.934507
0.595703 0.935248

0.595703 0.935248
0.596495 0.935547

0.596493 0.935547
0.597656 0.935986

0.597656 0.935986
0.599609 0.936718

0.599609 0.936718
0.601562 0.937446

0.601562 0.937445
0.601712 0.9375

0.601709 0.9375
0.603516 0.938169

0.603516 0.938169
0.605469 0.938887

0.605469 0.938887
0.607017 0.939453

0.607017 0.939453
0.607422 0.939601

0.607422 0.939601
0.609375 0.94031

0.609375 0.94031
0.611328 0.941015

0.611328 0.941015
0.61242 0.941406

0.612419 0.941406
0.613281 0.941715

0.613281 0.941715
0.615234 0.94241

0.615234 0.94241
0.617188 0.943101

0.617188 0.943101
0.617923 0.943359

0.617922 0.943359
0.619141 0.943788

0.619141 0.943787
0.621094 0.944469

0.621094 0.944469
0.623047 0.945146

0.623047 0.945146
0.623531 0.945312

0.623529 0.945312
0.625 0.945819

0.625 0.945819
0.626953 0.946487

0.626953 0.946487
0.628906 0.947151

0.628906 0.94715
0.629249 0.947266

0.629246 0.947266
0.630859 0.94781

0.630859 0.94781
0.632812 0.948465

0.632812 0.948465
0.634766 0.949115

0.634766 0.949114
0.635082 0.949219

0.635079 0.949219
0.636719 0.949761

0.636719 0.949761
0.638672 0.950402

0.638672 0.950402
0.640625 0.951039

0.640625 0.951038
0.641038 0.951172

0.641035 0.951172
0.642578 0.951672

0.642578 0.951671
0.644531 0.952299

0.644531 0.952299
0.646484 0.952923

0.646484 0.952923
0.647122 0.953125

0.64712 0.953125
0.648438 0.953543

0.648438 0.953543
0.650391 0.954158

0.650391 0.954158
0.652344 0.954768

0.652344 0.954768
0.653343 0.955078

0.653341 0.955078
0.654297 0.955375

0.654297 0.955374
0.65625 0.955976

0.65625 0.955976
0.658203 0.956574

0.658203 0.956574
0.659708 0.957031

0.659707 0.957031
0.660156 0.957168

0.660156 0.957167
0.662109 0.957756

0.662109 0.957756
0.664062 0.958341

0.664062 0.958341
0.666016 0.958922

0.666016 0.958921
0.666231 0.958984

0.666228 0.958984
0.667969 0.959498

0.667969 0.959498
0.669922 0.96007

0.669922 0.96007
0.671875 0.960637

0.671875 0.960637
0.672917 0.960938

0.672915 0.960938
0.673828 0.961201

0.673828 0.961201
0.675781 0.96176

0.675781 0.96176
0.677734 0.962314

0.677734 0.962314
0.679688 0.962865

0.679688 0.962864
0.679782 0.962891

0.679779 0.962891
0.681641 0.963412

0.681641 0.963411
0.683594 0.963953

0.683594 0.963953
0.685547 0.964491

0.685547 0.964491
0.686837 0.964844

0.686836 0.964844
0.6875 0.965025

0.6875 0.965025
0.689453 0.965554

0.689453 0.965554
0.691406 0.96608

0.691406 0.96608
0.693359 0.966601

0.693359 0.9666
0.694103 0.966797

0.6941 0.966797
0.695312 0.967118

0.695312 0.967117
0.697266 0.96763

0.697266 0.96763
0.699219 0.968138

0.699219 0.968138
0.701172 0.968642

0.701172 0.968642
0.701594 0.96875

0.701591 0.96875
0.703125 0.969143

0.703125 0.969142
0.705078 0.969638

0.705078 0.969638
0.707031 0.97013

0.707031 0.97013
0.708984 0.970617

0.708984 0.970617
0.709334 0.970703

0.70933 0.970703
0.710938 0.971101

0.710938 0.971101
0.712891 0.97158

0.712891 0.97158
0.714844 0.972055

0.714844 0.972055
0.716797 0.972525

0.716797 0.972525
0.717347 0.972656

0.717344 0.972656
0.71875 0.972992

0.71875 0.972992
0.720703 0.973454

0.720703 0.973454
0.722656 0.973913

0.722656 0.973913
0.724609 0.974367

0.724609 0.974367
0.725662 0.974609

0.72566 0.974609
0.726562 0.974817

0.726562 0.974817
0.728516 0.975263

0.728516 0.975263
0.730469 0.975705

0.730469 0.975705
0.732422 0.976142

0.732422 0.976142
0.734314 0.976562

0.734314 0.976562
0.734375 0.976576

0.734375 0.976576
0.736328 0.977006

0.736328 0.977005
0.738281 0.977431

0.738281 0.977431
0.740234 0.977852

0.740234 0.977852
0.742188 0.978269

0.742188 0.978269
0.743353 0.978516

0.743352 0.978516
0.744141 0.978683

0.744141 0.978682
0.746094 0.979091

0.746094 0.979091
0.748047 0.979496

0.748047 0.979496
0.75 0.979897

0.75 0.979897
0.751953 0.980294

0.751953 0.980293
0.752825 0.980469

0.752822 0.980469
0.753906 0.980687

0.753906 0.980686
0.755859 0.981075

0.755859 0.981075
0.757812 0.98146

0.757812 0.98146
0.759766 0.98184

0.759766 0.98184
0.761719 0.982217

0.761719 0.982217
0.762795 0.982422

0.762793 0.982422
0.763672 0.982589

0.763672 0.982589
0.765625 0.982958

0.765625 0.982958
0.767578 0.983322

0.767578 0.983322
0.769531 0.983682

0.769531 0.983682
0.771484 0.984039

0.771484 0.984039
0.773349 0.984375

0.773348 0.984375
0.773438 0.984391

0.773438 0.984391
0.775391 0.984739

0.775391 0.984739
0.777344 0.985084

0.777344 0.985084
0.779297 0.985424

0.779297 0.985424
0.78125 0.98576

0.78125 0.98576
0.783203 0.986093

0.783203 0.986093
0.784605 0.986328

0.784603 0.986328
0.785156 0.986421

0.785156 0.986421
0.787109 0.986745

0.787109 0.986745
0.789062 0.987066

0.789062 0.987066
0.791016 0.987382

0.791016 0.987382
0.792969 0.987694

0.792969 0.987694
0.794922 0.988003

0.794922 0.988003
0.796707 0.988281

0.796707 0.988281
0.796875 0.988307

0.796875 0.988307
0.798828 0.988608

0.798828 0.988608
0.800781 0.988905

0.800781 0.988905
0.802734 0.989197

0.802734 0.989197
0.804688 0.989486

0.804688 0.989486
0.806641 0.989771

0.806641 0.989771
0.808594 0.990051

0.808594 0.990051
0.809885 0.990234

0.809883 0.990234
0.810547 0.990329

0.810547 0.990328
0.8125 0.990601

0.8125 0.990601
0.814453 0.99087

0.814453 0.99087
0.816406 0.991135

0.816406 0.991135
0.818359 0.991397

0.818359 0.991397
0.820312 0.991654

0.820312 0.991654
0.822266 0.991907

0.822266 0.991907
0.824219 0.992157

0.824219 0.992156
0.824469 0.992188

0.824462 0.992188
0.826172 0.992403

0.826172 0.992402
0.828125 0.992644

0.828125 0.992644
0.830078 0.992882

0.830078 0.992882
0.832031 0.993116

0.832031 0.993116
0.833984 0.993346

0.833984 0.993346
0.835938 0.993572

0.835938 0.993572
0.837891 0.993794

0.837891 0.993794
0.839844 0.994012

0.839844 0.994012
0.841014 0.994141

0.841011 0.994141
0.841797 0.994227

0.841797 0.994227
0.84375 0.994437

0.84375 0.994437
0.845703 0.994644

0.845703 0.994644
0.847656 0.994847

0.847656 0.994847
0.849609 0.995046

0.849609 0.995046
0.851562 0.995241

0.851562 0.995241
0.853516 0.995432

0.853516 0.995432
0.855469 0.995619

0.855469 0.995619
0.857422 0.995803

0.857422 0.995803
0.859375 0.995983

0.859375 0.995983
0.860611 0.996094

0.860607 0.996094
0.861328 0.996159

0.861328 0.996158
0.863281 0.99633

0.863281 0.99633
0.865234 0.996498

0.865234 0.996498
0.867188 0.996663

0.867188 0.996663
0.869141 0.996823

0.869141 0.996823
0.871094 0.99698

0.871094 0.99698
0.873047 0.997132

0.873047 0.997132
0.875 0.997281

0.875 0.997281
0.876953 0.997426

0.876953 0.997426
0.878906 0.997567

0.878906 0.997567
0.880859 0.997705

0.880859 0.997705
0.882812 0.997838

0.882812 0.997838
0.884766 0.997968

0.884766 0.997968
0.885992 0.998047

0.885987 0.998047
0.886719 0.998094

0.886719 0.998094
0.888672 0.998216

0.888672 0.998216
0.890625 0.998334

0.890625 0.998334
0.892578 0.998448

0.892578 0.998448
0.894531 0.998559

0.894531 0.998559
0.896484 0.998666

0.896484 0.998666
0.898438 0.998768

0.898438 0.998768
0.900391 0.998867

0.900391 0.998867
0.902344 0.998963

0.902344 0.998963
0.904297 0.999054

0.904297 0.999054
0.90625 0.999142

0.90625 0.999142
0.908203 0.999225

0.908203 0.999225
0.910156 0.999305

0.910156 0.999305
0.912109 0.999381

0.912109 0.999381
0.914062 0.999454

0.914062 0.999454
0.916016 0.999522

0.916016 0.999522
0.917969 0.999587

0.917969 0.999587
0.919922 0.999648

0.919922 0.999648
0.921875 0.999705

0.921875 0.999705
0.923828 0.999758

0.923828 0.999758
0.925781 0.999807

0.925781 0.999807
0.927734 0.999853

0.927734 0.999853
0.929688 0.999895

0.929688 0.999895
0.931641 0.999933

0.931641 0.999933
0.933594 0.999967

0.933594 0.999967
0.935547 0.999997

0.935547 0.999997
0.935789 1

0.964844 0.999995
0.96451 1

0.964844 0.999995
0.966797 0.999965

0.966797 0.999965
0.96875 0.99993

0.96875 0.99993
0.970703 0.999892

0.970703 0.999892
0.972656 0.99985

0.972656 0.99985
0.974609 0.999804

0.974609 0.999804
0.976562 0.999754

0.976562 0.999754
0.978516 0.999701

0.978516 0.999701
0.980469 0.999643

0.980469 0.999643
0.982422 0.999582

0.982422 0.999582
0.984375 0.999517

0.984375 0.999517
0.986328 0.999448

0.986328 0.999448
0.988281 0.999376

0.988281 0.999376
0.990234 0.999299

0.990234 0.999299
0.992188 0.999219

0.992188 0.999219
0.994141 0.999135

0.994141 0.999135
0.996094 0.999047

0.996094 0.999047
0.998047 0.998955

0.998047 0.998955
1 0.99886

0.935738 1
0.9375 1.00002

0.9375 1.00002
0.939453 1.00005

0.939453 1.00005
0.941406 1.00007

0.941406 1.00007
0.943359 1.00008

0.943359 1.00008
0.945312 1.00009

0.945312 1.00009
0.947266 1.0001

0.947266 1.0001
0.949219 1.0001

0.949219 1.0001
0.951172 1.0001

0.951172 1.0001
0.953125 1.0001

0.953125 1.0001
0.955078 1.00009

0.955078 1.00009
0.957031 1.00008

0.957031 1.00008
0.958984 1.00006

0.958984 1.00006
0.960938 1.00005

0.960938 1.00005
0.962891 1.00002

0.962891 1.00002
0.9645 1

1 0.99886
1.00195 0.99876

1.00195 0.99876
1.00391 0.998657

1.00391 0.998657
1.00586 0.99855

1.00586 0.99855
1.00781 0.998439

1.00781 0.998439
1.00977 0.998324

1.00977 0.998324
1.01172 0.998205

1.01172 0.998205
1.01367 0.998083

1.01562 0.997957
1.01423 0.998047

1.01367 0.998082
1.01422 0.998047

1.01562 0.997957
1.01758 0.997826

1.01758 0.997826
1.01953 0.997692

1.01953 0.997692
1.02148 0.997555

1.02148 0.997555
1.02344 0.997413

1.02344 0.997413
1.02539 0.997267

1.02539 0.997267
1.02734 0.997118

1.02734 0.997118
1.0293 0.996965

1.0293 0.996965
1.03125 0.996808

1.03125 0.996808
1.0332 0.996647

1.0332 0.996647
1.03516 0.996482

1.03516 0.996482
1.03711 0.996313

1.03711 0.996313
1.03906 0.996141

1.04102 0.995965
1.03959 0.996094

1.04102 0.995965
1.04297 0.995784

1.03906 0.99614
1.03958 0.996094

1.04297 0.995784
1.04492 0.9956

1.04492 0.9956
1.04688 0.995412

1.04688 0.995412
1.04883 0.995221

1.04883 0.995221
1.05078 0.995025

1.05078 0.995025
1.05273 0.994825

1.05273 0.994825
1.05469 0.994622

1.05469 0.994622
1.05664 0.994414

1.05664 0.994414
1.05859 0.994203

1.06055 0.993988
1.05917 0.994141

1.05859 0.994203
1.05916 0.994141

1.06055 0.993988
1.0625 0.993769

1.0625 0.993769
1.06445 0.993546

1.06445 0.993546
1.06641 0.99332

1.06641 0.99332
1.06836 0.993089

1.06836 0.993089
1.07031 0.992854

1.07617 0.992128
1.0757 0.992188

1.07617 0.992127
1.07812 0.991877

1.07031 0.992854
1.07227 0.992616

1.07227 0.992616
1.07422 0.992374

1.07422 0.992374
1.0757 0.992188

1.07812 0.991877
1.08008 0.991623

1.08008 0.991623
1.08203 0.991365

1.08203 0.991365
1.08398 0.991104

1.08398 0.991104
1.08594 0.990838

1.08594 0.990838
1.08789 0.990568

1.08789 0.990568
1.08984 0.990294

1.0918 0.990017
1.09027 0.990234

1.08984 0.990294
1.09026 0.990234

1.0918 0.990017
1.09375 0.989735

1.09375 0.989735
1.0957 0.98945

1.0957 0.98945
1.09766 0.98916

1.09766 0.98916
1.09961 0.988867

1.09961 0.988867
1.10156 0.98857

1.10352 0.988269
1.10343 0.988281

1.10352 0.988269
1.10547 0.987964

1.10156 0.98857
1.10343 0.988281

1.10547 0.987964
1.10742 0.987654

1.10742 0.987654
1.10938 0.987341

1.10938 0.987341
1.11133 0.987024

1.11133 0.987024
1.11328 0.986703

1.11328 0.986703
1.11523 0.986378

1.11719 0.98605
1.11553 0.986328

1.11523 0.986378
1.11553 0.986328

1.11719 0.986049
1.11914 0.985717

1.11914 0.985717
1.12109 0.98538

1.12109 0.98538
1.12305 0.985039

1.12305 0.985039
1.125 0.984694

1.12695 0.984345
1.12679 0.984375

1.12695 0.984345
1.12891 0.983992

1.12891 0.983992
1.13086 0.983635

1.13086 0.983635
1.13281 0.983275

1.13281 0.983275
1.13477 0.98291

1.13477 0.98291
1.13672 0.982541

1.13867 0.982168
1.13734 0.982422

1.13672 0.98254
1.13734 0.982422

1.13867 0.982168
1.14062 0.981791

1.125 0.984694
1.12679 0.984375

1.14062 0.981791
1.14258 0.98141

1.14258 0.98141
1.14453 0.981025

1.14844 0.980243
1.14732 0.980469

1.14453 0.981025
1.14648 0.980636

1.14648 0.980636
1.14731 0.980469

1.14844 0.980243
1.15039 0.979846

1.15039 0.979846
1.15234 0.979445

1.15234 0.979445
1.1543 0.97904

1.1543 0.97904
1.15625 0.978631

1.1582 0.978218
1.1568 0.978516

1.15625 0.97863
1.15679 0.978516

1.1582 0.978218
1.16016 0.9778

1.16016 0.9778
1.16211 0.977379

1.16211 0.977379
1.16406 0.976953

1.16602 0.976524
1.16584 0.976562

1.16602 0.976524
1.16797 0.97609

1.16797 0.97609
1.16992 0.975653

1.16992 0.975653
1.17188 0.975211

1.16406 0.976953
1.16584 0.976562

1.17188 0.975211
1.17383 0.974765

1.17578 0.974315
1.17451 0.974609

1.17383 0.974765
1.1745 0.974609

1.17578 0.974315
1.17773 0.973861

1.17773 0.973861
1.17969 0.973403

1.18359 0.972474
1.18283 0.972656

1.17969 0.973403
1.18164 0.972941

1.18164 0.97294
1.18283 0.972656

1.18359 0.972474
1.18555 0.972004

1.18555 0.972004
1.1875 0.971529

1.19922 0.968594
1.19861 0.96875

1.19922 0.968594
1.20117 0.96809

1.20117 0.96809
1.20312 0.967582

1.20312 0.967582
1.20508 0.96707

1.20703 0.966553
1.20611 0.966797

1.20508 0.967069
1.20611 0.966797

1.20703 0.966553
1.20898 0.966032

1.20898 0.966032
1.21094 0.965508

1.21484 0.964445
1.21338 0.964844

1.21094 0.965508
1.21289 0.964978

1.21289 0.964978
1.21338 0.964844

1.21484 0.964445
1.2168 0.963907

1.2168 0.963907
1.21875 0.963365

1.1875 0.971529
1.18945 0.97105

1.19141 0.970567
1.19086 0.970703

1.18945 0.97105
1.19086 0.970703

1.19141 0.970567
1.19336 0.97008

1.19336 0.97008
1.19531 0.969589

1.19531 0.969589
1.19727 0.969093

1.19727 0.969093
1.19861 0.96875

1.2207 0.962819
1.22045 0.962891

1.21875 0.963366
1.22045 0.962891

1.2207 0.962819
1.22266 0.962269

1.22266 0.962269
1.22461 0.961714

1.22461 0.961714
1.22656 0.961155

1.22852 0.960592
1.22732 0.960938

1.22852 0.960592
1.23047 0.960024

1.23047 0.960024
1.23242 0.959452

1.23438 0.958876
1.23401 0.958984

1.23242 0.959452
1.23401 0.958984

1.22656 0.961155
1.22732 0.960938

1.23438 0.958875
1.23633 0.958295

1.23633 0.958295
1.23828 0.95771

1.24219 0.956527
1.24053 0.957031

1.23828 0.95771
1.24023 0.95712

1.24023 0.957119
1.24052 0.957031

1.24219 0.956526
1.24414 0.955928

1.24414 0.955928
1.24609 0.955325

1.24805 0.954719
1.24689 0.955078

1.24609 0.955325
1.24689 0.955078

1.24805 0.954718
1.25 0.954107

1.29883 0.937362
1.29846 0.9375

1.29883 0.937362
1.30078 0.936633

1.30078 0.936633
1.30273 0.9359

1.30469 0.935162
1.30367 0.935547

1.30273 0.9359
1.30367 0.935547

1.30469 0.935162
1.30664 0.934419

1.30664 0.934419
1.30859 0.933672

1.31055 0.93292
1.3088 0.933594

1.31055 0.93292
1.3125 0.932164

1.30859 0.933671
1.30879 0.933594

1.25391 0.952871
1.25311 0.953125

1.25391 0.95287
1.25586 0.952246

1.25586 0.952246
1.25781 0.951616

1.25977 0.950983
1.25918 0.951172

1.25781 0.951616
1.25918 0.951172

1.25977 0.950983
1.26172 0.950345

1.26562 0.949055
1.26513 0.949219

1.26172 0.950345
1.26367 0.949702

1.26367 0.949702
1.26513 0.949219

1.25 0.954107
1.25195 0.953491

1.25195 0.953491
1.2531 0.953125

1.26562 0.949055
1.26758 0.948403

1.26758 0.948403
1.26953 0.947747

1.27148 0.947087
1.27095 0.947266

1.26953 0.947747
1.27095 0.947266

1.27148 0.947086
1.27344 0.946421

1.27734 0.945078
1.27666 0.945312

1.27734 0.945077
1.2793 0.944399

1.2793 0.944399
1.28125 0.943716

1.27344 0.946421
1.27539 0.945752

1.27539 0.945752
1.27666 0.945312

1.2832 0.943028
1.28226 0.943359

1.28125 0.943715
1.28226 0.943359

1.2832 0.943028
1.28516 0.942336

1.28906 0.940938
1.28776 0.941406

1.28516 0.942336
1.28711 0.941639

1.28711 0.941638
1.28776 0.941406

1.28906 0.940937
1.29102 0.940231

1.29102 0.940231
1.29297 0.939521

1.29492 0.938806
1.29315 0.939453

1.29297 0.93952
1.29315 0.939453

1.29492 0.938806
1.29688 0.938086

1.29688 0.938086
1.29846 0.9375

1.32031 0.929091
1.31881 0.929688

1.31445 0.931403
1.31384 0.931641

1.3125 0.932164
1.31384 0.931641

1.31445 0.931402
1.31641 0.930636

1.31641 0.930636
1.31836 0.929866

1.31836 0.929865
1.31881 0.929688

1.32031 0.929091
1.32227 0.928311

1.32422 0.927526
1.3237 0.927734

1.32227 0.928311
1.3237 0.927734

1.32422 0.927526
1.32617 0.926736

1.32617 0.926736
1.32812 0.925942

1.33984 0.921075
1.33795 0.921875

1.33984 0.921075
1.3418 0.920246

1.34375 0.919413
1.34256 0.919922

1.3418 0.920246
1.34256 0.919922

1.33008 0.925143
1.32852 0.925781

1.33008 0.925143
1.33203 0.924339

1.32812 0.925941
1.32852 0.925781

1.33398 0.92353
1.33327 0.923828

1.33203 0.924339
1.33326 0.923828

1.33398 0.92353
1.33594 0.922716

1.33594 0.922716
1.33789 0.921898

1.33789 0.921897
1.33794 0.921875

1.375 0.905403
1.37319 0.90625

1.34766 0.917732
1.34711 0.917969

1.34375 0.919413
1.3457 0.918575

1.3457 0.918575
1.34711 0.917969

1.34766 0.917732
1.34961 0.916884

1.34961 0.916884
1.35156 0.916031

1.35742 0.913442
1.35603 0.914062

1.35742 0.913442
1.35938 0.912569

1.35352 0.915173
1.3516 0.916016

1.35156 0.91603
1.35159 0.916016

1.35352 0.915173
1.35547 0.91431

1.35547 0.914309
1.35602 0.914062

1.36133 0.911691
1.3604 0.912109

1.35938 0.912569
1.3604 0.912109

1.36133 0.911691
1.36328 0.910808

1.36523 0.90992
1.36471 0.910156

1.36523 0.909919
1.36719 0.909026

1.36328 0.910808
1.36471 0.910156

1.36914 0.908128
1.36898 0.908203

1.36719 0.909026
1.36898 0.908203

1.36914 0.908128
1.37109 0.907225

1.37109 0.907224
1.37305 0.906316

1.37305 0.906315
1.37319 0.90625

1.43555 0.874441
1.43454 0.875

1.43555 0.874441
1.4375 0.873353

1.43945 0.872261
1.43805 0.873047

1.4375 0.873353
1.43805 0.873047

1.43945 0.87226
1.44141 0.871162

1.44336 0.870057
1.44153 0.871094

1.44531 0.868947
1.44497 0.869141

1.44336 0.870057
1.44497 0.869141

1.44141 0.87116
1.44152 0.871094

1.44922 0.866709
1.44839 0.867188

1.44922 0.866709
1.45117 0.865581

1.45312 0.864447
1.45177 0.865234

1.45117 0.86558
1.45177 0.865234

1.44531 0.868947
1.44727 0.867831

1.44727 0.867831
1.44838 0.867188

1.46289 0.858689
1.46174 0.859375

1.46289 0.858689
1.46484 0.857519

1.46875 0.855162
1.46824 0.855469

1.4668 0.856344
1.46501 0.857422

1.46484 0.857518
1.46501 0.857422

1.4668 0.856344
1.46824 0.855469

1.45703 0.862162
1.45512 0.863281

1.45312 0.864447
1.45508 0.863307

1.45508 0.863306
1.45512 0.863281

1.45898 0.86101
1.45845 0.861328

1.45703 0.862162
1.45845 0.861328

1.45898 0.86101
1.46094 0.859852

1.46094 0.859852
1.46174 0.859375

1.48828 0.843003
1.48711 0.84375

1.49023 0.841753
1.49016 0.841797

1.48828 0.843003
1.49016 0.841797

1.49023 0.841752
1.49219 0.840495

1.5 0.835404
1.49919 0.835938

1.49414 0.839232
1.4932 0.839844

1.49414 0.839232
1.49609 0.837962

1.49219 0.840495
1.49319 0.839844

1.49805 0.836686
1.4962 0.837891

1.49609 0.837963
1.49621 0.837891

1.49805 0.836686
1.49919 0.835938

1.47656 0.850373
1.47464 0.851562

1.46875 0.855162
1.4707 0.853974

1.47266 0.85278
1.47145 0.853516

1.4707 0.853973
1.47145 0.853516

1.47266 0.85278
1.47461 0.851579

1.47461 0.851579
1.47464 0.851562

1.47852 0.849161
1.47779 0.849609

1.47656 0.850373
1.47779 0.849609

1.47852 0.84916
1.48047 0.847941

1.48242 0.846717
1.48092 0.847656

1.48438 0.845486
1.48403 0.845703

1.48242 0.846716
1.48403 0.845703

1.48047 0.84794
1.48092 0.847656

1.48438 0.845485
1.48633 0.844247

1.48633 0.844246
1.48711 0.84375

1.375 0.905402
1.37695 0.904483

1.37891 0.90356
1.37735 0.904297

1.37695 0.904483
1.37735 0.904297

1.38281 0.901696
1.38146 0.902344

1.37891 0.90356
1.38086 0.90263

1.38086 0.90263
1.38146 0.902344

1.39062 0.897907
1.38954 0.898438

1.38281 0.901696
1.38477 0.900756

1.38672 0.899812
1.38552 0.900391

1.38477 0.900756
1.38552 0.900391

1.38672 0.899812
1.38867 0.898862

1.38867 0.898861
1.38954 0.898438

1.40625 0.890073
1.40517 0.890625

1.39062 0.897906
1.39258 0.896946

1.39453 0.89598
1.39351 0.896484

1.39258 0.896946
1.39351 0.896484

1.39844 0.894033
1.39744 0.894531

1.39453 0.89598
1.39648 0.895009

1.39648 0.895009
1.39744 0.894531

1.39844 0.894032
1.40039 0.893051

1.40234 0.892064
1.40133 0.892578

1.40039 0.89305
1.40132 0.892578

1.40234 0.892063
1.4043 0.891071

1.4043 0.89107
1.40517 0.890625

1.40625 0.890073
1.4082 0.889069

1.41016 0.888061
1.40897 0.888672

1.4082 0.889069
1.40897 0.888672

1.41406 0.886027
1.41274 0.886719

1.41016 0.88806
1.41211 0.887046

1.41211 0.887046
1.41274 0.886719

1.42188 0.881892
1.42015 0.882812

1.41406 0.886026
1.41602 0.885001

1.41797 0.88397
1.41646 0.884766

1.41602 0.885
1.41646 0.884766

1.41797 0.88397
1.41992 0.882934

1.41992 0.882933
1.42015 0.882812

1.42383 0.880844
1.4238 0.880859

1.42188 0.881892
1.4238 0.880859

1.42383 0.880844
1.42578 0.879791

1.42773 0.878732
1.42741 0.878906

1.42773 0.878732
1.42969 0.877668

1.42578 0.879791
1.42741 0.878906

1.43164 0.876598
1.43099 0.876953

1.42969 0.877668
1.43099 0.876953

1.43164 0.876598
1.43359 0.875522

1.43359 0.875522
1.43454 0.875

1.95029 0
1.95029 0.00195312

1.95029 0.00195312
1.95028 0.00390625

1.95028 0.00390625
1.95027 0.00585938

1.95027 0.00585938
1.95026 0.0078125

1.95026 0.0078125
1.95024 0.00976562

1.95024 0.00976562
1.95022 0.0117188

1.95022 0.0117188
1.9502 0.0136719

1.9502 0.0136719
1.95017 0.015625

1.95017 0.015625
1.95014 0.0175781

1.95014 0.0175781
1.9501 0.0195312

1.9501 0.0195312
1.95006 0.0214844

1.95006 0.0214844
1.95002 0.0234375

1.95002 0.0234375
1.94997 0.0253906

1.94997 0.0253906
1.94992 0.0273438

1.94992 0.0273438
1.94986 0.0292969

1.94986 0.0292969
1.9498 0.03125

1.9498 0.03125
1.94974 0.0332031

1.94974 0.0332031
1.94967 0.0351562

1.94967 0.0351562
1.9496 0.0371094

1.9496 0.0371094
1.94953 0.0390625

1.94922 0.0462651
1.94919 0.046875

1.94953 0.0390625
1.94945 0.0410156

1.94945 0.0410156
1.94937 0.0429688

1.94937 0.0429688
1.94928 0.0449219

1.94922 0.0462651
1.94928 0.0449219

1.94919 0.046875
1.9491 0.0488281

1.9491 0.0488281
1.949 0.0507812

1.949 0.0507812
1.9489 0.0527344

1.9489 0.0527344
1.94879 0.0546875

1.94879 0.0546875
1.94868 0.0566406

1.94868 0.0566406
1.94857 0.0585938

1.94857 0.0585938
1.94845 0.0605469

1.94845 0.0605469
1.94833 0.0625

1.94833 0.0625
1.94821 0.0644531

1.94821 0.0644531
1.94808 0.0664062

1.94808 0.0664062
1.94795 0.0683594

1.94795 0.0683594
1.94781 0.0703125

1.94781 0.0703125
1.94767 0.0722656

1.94767 0.0722656
1.94753 0.0742188

1.94727 0.077677
1.94723 0.078125

1.94753 0.0742188
1.94738 0.0761719

1.94727 0.0776771
1.94738 0.0761719

1.94723 0.078125
1.94708 0.0800781

1.94708 0.0800781
1.94692 0.0820312

1.94692 0.0820312
1.94675 0.0839844

1.94675 0.0839844
1.94659 0.0859375

1.94659 0.0859375
1.94642 0.0878906

1.94642 0.0878906
1.94624 0.0898438

1.94624 0.0898438
1.94606 0.0917969

1.94606 0.0917969
1.94588 0.09375

1.94531 0.0995982
1.94531 0.0996094

1.94531 0.0996094
1.94511 0.101562

1.94511 0.101562
1.94491 0.103516

1.94491 0.103516
1.94471 0.105469

1.94471 0.105469
1.9445 0.107422

1.9445 0.107422
1.94428 0.109375

1.94588 0.09375
1.9457 0.0957031

1.9457 0.0957031
1.94551 0.0976562

1.94531 0.0995982
1.94551 0.0976562

1.94428 0.109375
1.94407 0.111328

1.94407 0.111328
1.94385 0.113281

1.94385 0.113281
1.94362 0.115234

1.94362 0.115234
1.94339 0.117188

1.94336 0.117461
1.94316 0.119141

1.94316 0.119141
1.94292 0.121094

1.94336 0.117461
1.94339 0.117188

1.94292 0.121094
1.94268 0.123047

1.94268 0.123047
1.94244 0.125

1.9375 0.159332
1.93737 0.160156

1.93737 0.160156
1.93705 0.162109

1.93705 0.162109
1.93672 0.164062

1.93672 0.164062
1.9364 0.166016

1.9364 0.166016
1.93607 0.167969

1.93555 0.170985
1.93539 0.171875

1.93607 0.167969
1.93573 0.169922

1.93555 0.170985
1.93573 0.169922

1.93539 0.171875
1.93505 0.173828

1.93505 0.173828
1.9347 0.175781

1.9347 0.175781
1.93435 0.177734

1.93435 0.177734
1.934 0.179688

1.93359 0.181875
1.93327 0.183594

1.93327 0.183594
1.93291 0.185547

1.93291 0.185547
1.93254 0.1875

1.934 0.179688
1.93364 0.181641

1.93359 0.181875
1.93364 0.181641

1.92969 0.201844
1.92942 0.203125

1.93254 0.1875
1.93216 0.189453

1.93216 0.189453
1.93178 0.191406

1.93164 0.192128
1.9314 0.193359

1.9314 0.193359
1.93101 0.195312

1.93164 0.192128
1.93178 0.191406

1.93101 0.195312
1.93062 0.197266

1.93062 0.197266
1.93023 0.199219

1.93023 0.199219
1.92983 0.201172

1.92969 0.201844
1.92983 0.201172

1.92942 0.203125
1.92902 0.205078

1.92902 0.205078
1.9286 0.207031

1.9286 0.207031
1.92819 0.208984

1.92819 0.208984
1.92777 0.210938

1.92773 0.211097
1.92735 0.212891

1.92735 0.212891
1.92692 0.214844

1.92773 0.211097
1.92777 0.210938

1.92692 0.214844
1.92649 0.216797

1.92649 0.216797
1.92605 0.21875

1.92188 0.2366
1.92146 0.238281

1.92146 0.238281
1.92098 0.240234

1.92098 0.240234
1.9205 0.242188

1.91992 0.244479
1.91951 0.246094

1.9205 0.242188
1.92001 0.244141

1.91992 0.244479
1.92001 0.244141

1.91951 0.246094
1.91902 0.248047

1.91902 0.248047
1.91851 0.25

1.92578 0.219942
1.92561 0.220703

1.92561 0.220703
1.92517 0.222656

1.92517 0.222656
1.92472 0.224609

1.92472 0.224609
1.92427 0.226562

1.92578 0.219942
1.92605 0.21875

1.92383 0.228432
1.92381 0.228516

1.92381 0.228516
1.92335 0.230469

1.92383 0.228432
1.92427 0.226562

1.92335 0.230469
1.92288 0.232422

1.92288 0.232422
1.92241 0.234375

1.92241 0.234375
1.92194 0.236328

1.92188 0.2366
1.92194 0.236328

1.94244 0.125
1.94219 0.126953

1.94219 0.126953
1.94194 0.128906

1.94194 0.128906
1.94168 0.130859

1.94168 0.130859
1.94142 0.132812

1.94141 0.132921
1.94116 0.134766

1.94116 0.134766
1.94089 0.136719

1.94089 0.136719
1.94062 0.138672

1.94062 0.138672
1.94034 0.140625

1.94141 0.132921
1.94142 0.132812

1.94034 0.140625
1.94006 0.142578

1.94006 0.142578
1.93978 0.144531

1.93945 0.146734
1.9392 0.148438

1.93978 0.144531
1.93949 0.146484

1.93945 0.146734
1.93949 0.146484

1.9392 0.148438
1.9389 0.150391

1.9389 0.150391
1.9386 0.152344

1.9386 0.152344
1.9383 0.154297

1.9383 0.154297
1.93799 0.15625

1.93799 0.15625
1.93768 0.158203

1.9375 0.159332
1.93768 0.158203

1.875 0.380626
1.8749 0.380859

1.8749 0.380859
1.8741 0.382812

1.87109 0.389982
1.87082 0.390625

1.87305 0.385337
1.87247 0.386719

1.8741 0.382812
1.87329 0.384766

1.87305 0.385337
1.87329 0.384766

1.87247 0.386719
1.87165 0.388672

1.87109 0.389982
1.87165 0.388672

1.86719 0.399081
1.86662 0.400391

1.86662 0.400391
1.86576 0.402344

1.86523 0.403539
1.8649 0.404297

1.8649 0.404297
1.86403 0.40625

1.86523 0.403539
1.86576 0.402344

1.87082 0.390625
1.86999 0.392578

1.86999 0.392578
1.86915 0.394531

1.86914 0.394563
1.86831 0.396484

1.86831 0.396484
1.86747 0.398438

1.86914 0.394563
1.86915 0.394531

1.86719 0.399081
1.86747 0.398438

1.85938 0.416573
1.85873 0.417969

1.85742 0.420809
1.85693 0.421875

1.85873 0.417969
1.85783 0.419922

1.85742 0.420809
1.85783 0.419922

1.85156 0.433219
1.85138 0.433594

1.84961 0.43726
1.84949 0.4375

1.85138 0.433594
1.85044 0.435547

1.84961 0.43726
1.85044 0.435547

1.85547 0.424995
1.8551 0.425781

1.85352 0.429131
1.85325 0.429688

1.8551 0.425781
1.85418 0.427734

1.85352 0.429131
1.85418 0.427734

1.85693 0.421875
1.85602 0.423828

1.85547 0.424995
1.85602 0.423828

1.85325 0.429688
1.85232 0.431641

1.85156 0.433219
1.85232 0.431641

1.86328 0.40794
1.86316 0.408203

1.86316 0.408203
1.86229 0.410156

1.86133 0.412284
1.86052 0.414062

1.86229 0.410156
1.86141 0.412109

1.86133 0.412284
1.86141 0.412109

1.86328 0.40794
1.86403 0.40625

1.86052 0.414062
1.85963 0.416016

1.85938 0.416573
1.85963 0.416016

1.84375 0.449114
1.8437 0.449219

1.8418 0.452979
1.84172 0.453125

1.8437 0.449219
1.84271 0.451172

1.8418 0.452979
1.84271 0.451172

1.83594 0.464333
1.83567 0.464844

1.83398 0.46804
1.83361 0.46875

1.83567 0.464844
1.83464 0.466797

1.83398 0.46804
1.83464 0.466797

1.83984 0.456804
1.83973 0.457031

1.83789 0.460588
1.83771 0.460938

1.83973 0.457031
1.83872 0.458984

1.83789 0.460588
1.83872 0.458984

1.84172 0.453125
1.84073 0.455078

1.83984 0.456804
1.84073 0.455078

1.83771 0.460938
1.83669 0.462891

1.83594 0.464333
1.83669 0.462891

1.82812 0.478942
1.82729 0.480469

1.82617 0.482506
1.82514 0.484375

1.82729 0.480469
1.82622 0.482422

1.82617 0.482506
1.82622 0.482422

1.81641 0.499825
1.81631 0.5

1.82031 0.492993
1.81966 0.494141

1.81966 0.494141
1.81855 0.496094

1.81836 0.496425
1.81743 0.498047

1.81641 0.499826
1.81743 0.498047

1.81836 0.496426
1.81855 0.496094

1.82422 0.486034
1.82406 0.486328

1.82406 0.486328
1.82297 0.488281

1.82227 0.48953
1.82187 0.490234

1.82187 0.490234
1.82077 0.492188

1.82227 0.48953
1.82297 0.488281

1.82422 0.486034
1.82514 0.484375

1.82031 0.492993
1.82077 0.492188

1.83203 0.47171
1.83152 0.472656

1.83008 0.475343
1.82942 0.476562

1.83153 0.472656
1.83047 0.474609

1.83008 0.475343
1.83047 0.474609

1.83361 0.46875
1.83257 0.470703

1.83203 0.47171
1.83257 0.470703

1.82942 0.476562
1.82836 0.478516

1.82812 0.478942
1.82836 0.478516

1.84766 0.441255
1.84758 0.441406

1.8457 0.445206
1.84565 0.445312

1.84758 0.441406
1.84662 0.443359

1.8457 0.445206
1.84662 0.443359

1.84949 0.4375
1.84854 0.439453

1.84766 0.441255
1.84854 0.439453

1.84565 0.445312
1.84468 0.447266

1.84375 0.449114
1.84468 0.447266

1.90625 0.293419
1.90579 0.294922

1.90579 0.294922
1.90518 0.296875

1.9043 0.299708
1.90396 0.300781

1.90518 0.296875
1.90457 0.298828

1.9043 0.299708
1.90457 0.298828

1.90396 0.300781
1.90334 0.302734

1.90334 0.302734
1.90272 0.304688

1.90234 0.305856
1.90209 0.306641

1.90209 0.306641
1.90146 0.308594

1.90039 0.311872
1.90018 0.3125

1.90146 0.308594
1.90082 0.310547

1.90039 0.311872
1.90082 0.310547

1.90234 0.305856
1.90272 0.304688

1.91797 0.252099
1.9175 0.253906

1.9175 0.253906
1.91698 0.255859

1.91698 0.255859
1.91646 0.257812

1.91851 0.25
1.91801 0.251953

1.91797 0.252099
1.91801 0.251953

1.91602 0.259479
1.91594 0.259766

1.91594 0.259766
1.91541 0.261719

1.91602 0.259479
1.91646 0.257812

1.91541 0.261719
1.91488 0.263672

1.91488 0.263672
1.91434 0.265625

1.91406 0.26664
1.9138 0.267578

1.9138 0.267578
1.91326 0.269531

1.91326 0.269531
1.91271 0.271484

1.91271 0.271484
1.91216 0.273438

1.91016 0.280376
1.9099 0.28125

1.91211 0.273602
1.9116 0.275391

1.9116 0.275391
1.91104 0.277344

1.91211 0.273602
1.91216 0.273438

1.91104 0.277344
1.91047 0.279297

1.91016 0.280376
1.91047 0.279297

1.91406 0.26664
1.91434 0.265625

1.9099 0.28125
1.90933 0.283203

1.90933 0.283203
1.90875 0.285156

1.9082 0.286979
1.90816 0.287109

1.90816 0.287109
1.90758 0.289062

1.9082 0.286979
1.90875 0.285156

1.90758 0.289062
1.90698 0.291016

1.90698 0.291016
1.90639 0.292969

1.90625 0.293419
1.90639 0.292969

1.89062 0.34019
1.89004 0.341797

1.89004 0.341797
1.88933 0.34375

1.89844 0.317761
1.89824 0.318359

1.89824 0.318359
1.89758 0.320312

1.89648 0.323532
1.89625 0.324219

1.89758 0.320312
1.89692 0.322266

1.89648 0.323532
1.89692 0.322266

1.89625 0.324219
1.89558 0.326172

1.89558 0.326172
1.8949 0.328125

1.90018 0.3125
1.89954 0.314453

1.89954 0.314453
1.89889 0.316406

1.89844 0.317761
1.89889 0.316406

1.89453 0.329189
1.89422 0.330078

1.89422 0.330078
1.89354 0.332031

1.89258 0.33474
1.89215 0.335938

1.89354 0.332031
1.89285 0.333984

1.89258 0.33474
1.89285 0.333984

1.89453 0.329189
1.8949 0.328125

1.89215 0.335938
1.89145 0.337891

1.89145 0.337891
1.89075 0.339844

1.89062 0.34019
1.89075 0.339844

1.88672 0.350801
1.88643 0.351562

1.88867 0.345543
1.88861 0.345703

1.88861 0.345703
1.88789 0.347656

1.88867 0.345543
1.88933 0.34375

1.88789 0.347656
1.88716 0.349609

1.88672 0.350801
1.88716 0.349609

1.88643 0.351562
1.8857 0.353516

1.8857 0.353516
1.88496 0.355469

1.88477 0.355973
1.88421 0.357422

1.88421 0.357422
1.88346 0.359375

1.88477 0.355973
1.88496 0.355469

1.88281 0.36106
1.88271 0.361328

1.88271 0.361328
1.88195 0.363281

1.88086 0.366064
1.88042 0.367188

1.88195 0.363281
1.88119 0.365234

1.88086 0.366064
1.88119 0.365234

1.87891 0.370993
1.87887 0.371094

1.87887 0.371094
1.87808 0.373047

1.87808 0.373047
1.8773 0.375

1.88042 0.367188
1.87964 0.369141

1.87891 0.370993
1.87964 0.369141

1.88281 0.36106
1.88346 0.359375

1.87695 0.375845
1.8765 0.376953

1.8765 0.376953
1.87571 0.378906

1.87695 0.375845
1.8773 0.375

1.875 0.380626
1.87571 0.378906

1.61328 0.748656
1.61176 0.75

1.61719 0.745181
1.61616 0.746094

1.61523 0.746927
1.61396 0.748047

1.61328 0.748656
1.61397 0.748047

1.61523 0.746919
1.61617 0.746094

1.62109 0.741664
1.62051 0.742188

1.625 0.738111
1.62481 0.738281

1.62305 0.739892
1.62267 0.740234

1.62109 0.741661
1.62267 0.740234

1.62305 0.739892
1.62481 0.738281

1.61914 0.743427
1.61834 0.744141

1.61719 0.745172
1.61835 0.744141

1.61914 0.74342
1.62052 0.742188

1.73438 0.620658
1.73403 0.621094

1.73242 0.623121
1.73092 0.625

1.73403 0.621094
1.73248 0.623047

1.73242 0.623114
1.73248 0.623047

1.75 0.600389
1.74912 0.601562

1.74414 0.608118
1.74318 0.609375

1.74609 0.605559
1.74467 0.607422

1.74414 0.608121
1.74467 0.607422

1.74805 0.602979
1.74765 0.603516

1.74764 0.603516
1.74616 0.605469

1.74805 0.602983
1.74912 0.601562

1.74609 0.605553
1.74616 0.605469

1.73828 0.615694
1.73711 0.617188

1.74023 0.613184
1.74016 0.613281

1.74219 0.610653
1.74168 0.611328

1.74023 0.613184
1.74167 0.611328

1.74016 0.613281
1.73864 0.615234

1.73828 0.61569
1.73863 0.615234

1.73633 0.618178
1.73558 0.619141

1.73438 0.62066
1.73558 0.619141

1.73633 0.61819
1.73711 0.617188

1.74219 0.610659
1.74318 0.609375

1.67773 0.686184
1.6765 0.6875

1.67969 0.684105
1.67835 0.685547

1.67773 0.686185
1.67833 0.685547

1.6875 0.675683
1.68741 0.675781

1.68555 0.677809
1.68381 0.679688

1.68741 0.675781
1.68562 0.677734

1.68555 0.677804
1.68561 0.677734

1.68164 0.68202
1.68018 0.683594

1.68359 0.679922
1.682 0.681641

1.68164 0.682018
1.68199 0.681641

1.67969 0.684108
1.68017 0.683594

1.68359 0.679917
1.68381 0.679688

1.64648 0.717879
1.64558 0.71875

1.64844 0.715979
1.6476 0.716797

1.64648 0.717878
1.6476 0.716797

1.6543 0.710218
1.65357 0.710938

1.65625 0.708277
1.65554 0.708984

1.6543 0.710218
1.65554 0.708984

1.65039 0.714069
1.6496 0.714844

1.65234 0.712149
1.65159 0.712891

1.65039 0.714069
1.65159 0.712891

1.64844 0.715979
1.6496 0.714844

1.65234 0.712149
1.65357 0.710938

1.63086 0.732711
1.62906 0.734375

1.63281 0.730893
1.63117 0.732422

1.63086 0.732713
1.63117 0.732422

1.63867 0.725378
1.63741 0.726562

1.64062 0.723518
1.63947 0.724609

1.63867 0.725376
1.63948 0.724609

1.63477 0.729067
1.63326 0.730469

1.63672 0.727229
1.63534 0.728516

1.63477 0.729064
1.63535 0.728516

1.63281 0.730894
1.63327 0.730469

1.63672 0.727225
1.63742 0.726562

1.62695 0.73632
1.62694 0.736328

1.625 0.738111
1.62694 0.736328

1.62695 0.73632
1.62891 0.73452

1.62891 0.734523
1.62907 0.734375

1.64258 0.721648
1.64152 0.722656

1.64453 0.719769
1.64356 0.720703

1.64258 0.721647
1.64356 0.720703

1.64062 0.723516
1.64153 0.722656

1.64453 0.719768
1.64559 0.71875

1.66211 0.702388
1.66138 0.703125

1.66406 0.700403
1.66331 0.701172

1.66211 0.702387
1.6633 0.701172

1.66992 0.694379
1.66902 0.695312

1.67188 0.692349
1.67091 0.693359

1.66992 0.694378
1.6709 0.693359

1.66602 0.698406
1.66522 0.699219

1.66797 0.696399
1.66713 0.697266

1.66602 0.698405
1.66712 0.697266

1.66406 0.700402
1.66522 0.699219

1.66797 0.696398
1.66902 0.695312

1.6582 0.706325
1.6575 0.707031

1.66016 0.704362
1.65945 0.705078

1.6582 0.706324
1.65944 0.705078

1.65625 0.708276
1.6575 0.707031

1.66016 0.704361
1.66138 0.703125

1.67383 0.690306
1.67278 0.691406

1.67578 0.688251
1.67465 0.689453

1.67383 0.690305
1.67464 0.689453

1.67188 0.692348
1.67277 0.691406

1.67578 0.688251
1.67649 0.6875

1.71875 0.639905
1.71816 0.640625

1.70508 0.655983
1.70485 0.65625

1.70703 0.653727
1.70654 0.654297

1.70508 0.655983
1.70654 0.654297

1.70898 0.651457
1.70823 0.652344

1.71094 0.649174
1.70991 0.650391

1.70898 0.651467
1.70989 0.650391

1.70703 0.653731
1.70822 0.652344

1.71289 0.646883
1.71157 0.648438

1.71484 0.644573
1.71323 0.646484

1.71289 0.646878
1.71322 0.646484

1.7168 0.642247
1.71652 0.642578

1.71652 0.642578
1.71488 0.644531

1.7168 0.642247
1.71815 0.640625

1.71484 0.644566
1.71487 0.644531

1.71094 0.649178
1.71156 0.648438

1.69141 0.671395
1.69097 0.671875

1.69531 0.667055
1.6945 0.667969

1.69336 0.669232
1.69274 0.669922

1.69141 0.671398
1.69273 0.669922

1.69336 0.66924
1.69449 0.667969

1.69922 0.662664
1.69799 0.664062

1.70312 0.658225
1.70143 0.660156

1.70117 0.660453
1.69971 0.662109

1.69922 0.662663
1.69971 0.662109

1.70117 0.660447
1.70143 0.660156

1.69727 0.664863
1.69625 0.666016

1.69531 0.66706
1.69624 0.666016

1.69727 0.664867
1.69798 0.664062

1.68945 0.673545
1.6892 0.673828

1.6875 0.675683
1.6892 0.673828

1.68945 0.673546
1.69097 0.671875

1.70485 0.65625
1.70314 0.658203

1.70312 0.658219
1.70314 0.658203

1.72461 0.632805
1.7246 0.632812

1.72656 0.630405
1.7262 0.630859

1.72461 0.632805
1.72619 0.630859

1.72266 0.635189
1.7214 0.636719

1.7207 0.63755
1.71979 0.638672

1.71875 0.639912
1.71977 0.638672

1.7207 0.637558
1.72139 0.636719

1.7246 0.632812
1.723 0.634766

1.72266 0.635184
1.723 0.634766

1.72852 0.627985
1.72779 0.628906

1.73047 0.625566
1.72936 0.626953

1.72852 0.627999
1.72935 0.626953

1.72656 0.630406
1.72778 0.628906

1.73047 0.625563
1.73092 0.625

1.53516 0.811165
1.5333 0.8125

1.53906 0.808335
1.5387 0.808594

1.53711 0.809754
1.53601 0.810547

1.53516 0.811162
1.53601 0.810547

1.53711 0.809753
1.5387 0.808594

1.54492 0.804035
1.54403 0.804688

1.54688 0.802583
1.54667 0.802734

1.54492 0.804032
1.54667 0.802734

1.53906 0.808333
1.54102 0.806906

1.54297 0.805472
1.54138 0.806641

1.54102 0.806906
1.54138 0.806641

1.54297 0.805471
1.54403 0.804688

1.55469 0.796715
1.55447 0.796875

1.55469 0.796714
1.55664 0.795228

1.55859 0.793736
1.55704 0.794922

1.55664 0.795228
1.55705 0.794922

1.56055 0.792239
1.55959 0.792969

1.5625 0.790727
1.56212 0.791016

1.56055 0.792235
1.56213 0.791016

1.55859 0.793732
1.5596 0.792969

1.55078 0.799664
1.54929 0.800781

1.54688 0.802582
1.54883 0.801126

1.54883 0.801125
1.5493 0.800781

1.55273 0.798198
1.55189 0.798828

1.55078 0.799663
1.55189 0.798828

1.55273 0.798193
1.55448 0.796875

1.51172 0.827569
1.5109 0.828125

1.51172 0.827568
1.51367 0.826239

1.51562 0.824903
1.51377 0.826172

1.51367 0.82624
1.51377 0.826172

1.5 0.835403
1.50195 0.834114

1.50391 0.832818
1.50215 0.833984

1.50195 0.834113
1.50215 0.833984

1.50586 0.831516
1.50509 0.832031

1.50586 0.831515
1.50781 0.830206

1.50391 0.832818
1.50509 0.832031

1.50977 0.828891
1.508 0.830078

1.50781 0.830206
1.50801 0.830078

1.50977 0.82889
1.5109 0.828125

1.52344 0.819492
1.52226 0.820312

1.51758 0.823561
1.51662 0.824219

1.51953 0.822211
1.51945 0.822266

1.51758 0.823561
1.51945 0.822266

1.51562 0.824903
1.51662 0.824219

1.51953 0.82221
1.52148 0.820854

1.52148 0.820852
1.52226 0.820312

1.52539 0.818123
1.52505 0.818359

1.52344 0.819491
1.52505 0.818359

1.52539 0.81812
1.52734 0.816743

1.5293 0.81536
1.52782 0.816406

1.53125 0.813972
1.53056 0.814453

1.5293 0.81536
1.53057 0.814453

1.52734 0.81674
1.52783 0.816406

1.53125 0.813969
1.5332 0.81257

1.5332 0.812572
1.5333 0.8125

1.57617 0.779947
1.57454 0.78125

1.57812 0.778381
1.57698 0.779297

1.57617 0.779944
1.57699 0.779297

1.59375 0.765508
1.59361 0.765625

1.58594 0.772008
1.5842 0.773438

1.58008 0.7768
1.5794 0.777344

1.58203 0.775209
1.58181 0.775391

1.58008 0.776797
1.58181 0.775391

1.57812 0.778375
1.5794 0.777344

1.58203 0.775209
1.58398 0.773612

1.58398 0.773615
1.5842 0.773438

1.58984 0.768782
1.58893 0.769531

1.58789 0.770398
1.58657 0.771484

1.58594 0.772008
1.58658 0.771484

1.58789 0.77039
1.58894 0.769531

1.5918 0.767148
1.59128 0.767578

1.58984 0.768775
1.59128 0.767578

1.5918 0.767147
1.59361 0.765625

1.56641 0.787685
1.56464 0.789062

1.57031 0.784618
1.56962 0.785156

1.56836 0.786156
1.56714 0.787109

1.56641 0.787682
1.56715 0.787109

1.56836 0.786154
1.56963 0.785156

1.5625 0.790726
1.56445 0.789209

1.56445 0.789211
1.56465 0.789062

1.57227 0.783066
1.57209 0.783203

1.57031 0.784615
1.57209 0.783203

1.57227 0.783066
1.57422 0.78151

1.57422 0.781512
1.57455 0.78125

1.59375 0.765509
1.5957 0.763862

1.59766 0.762207
1.59593 0.763672

1.5957 0.763865
1.59593 0.763672

1.59961 0.760546
1.59823 0.761719

1.60156 0.75888
1.60051 0.759766

1.59961 0.760542
1.60053 0.759766

1.59766 0.762209
1.59824 0.761719

1.60352 0.757195
1.60279 0.757812

1.60547 0.755503
1.60506 0.755859

1.60352 0.757192
1.60506 0.755859

1.60742 0.753804
1.6073 0.753906

1.60742 0.753804
1.60938 0.752097

1.60547 0.755503
1.6073 0.753906

1.60156 0.758868
1.6028 0.757812

1.61133 0.75038
1.60954 0.751953

1.60938 0.7521
1.60954 0.751953

1.61133 0.750383
1.61176 0.75

1.77734 0.562114
1.77709 0.5625

1.78125 0.556324
1.78104 0.556641

1.78104 0.556641
1.77973 0.558594

1.7793 0.559234
1.77841 0.560547

1.77734 0.562119
1.77841 0.560547

1.7793 0.559237
1.77973 0.558594

1.8125 0.506535
1.81175 0.507812

1.80859 0.513128
1.80827 0.513672

1.80827 0.513672
1.8071 0.515625

1.81055 0.509847
1.80943 0.511719

1.81175 0.507812
1.8106 0.509766

1.81055 0.509847
1.81059 0.509766

1.80859 0.513128
1.80943 0.511719

1.80273 0.522806
1.80235 0.523438

1.80469 0.519608
1.80354 0.521484

1.80273 0.522806
1.80354 0.521484

1.80078 0.525978
1.79994 0.527344

1.79883 0.529122
1.79872 0.529297

1.79872 0.529297
1.7975 0.53125

1.79883 0.529124
1.79994 0.527344

1.80235 0.523438
1.80114 0.525391

1.80078 0.525978
1.80114 0.525391

1.80664 0.516381
1.80592 0.517578

1.80592 0.517578
1.80473 0.519531

1.80664 0.516381
1.8071 0.515625

1.80469 0.519607
1.80473 0.519531

1.78906 0.544472
1.78877 0.544922

1.78877 0.544922
1.7875 0.546875

1.79297 0.538407
1.79255 0.539062

1.79688 0.532243
1.79627 0.533203

1.79627 0.533203
1.79504 0.535156

1.79492 0.535339
1.7938 0.537109

1.79297 0.538408
1.7938 0.537109

1.79492 0.535339
1.79503 0.535156

1.79102 0.541454
1.79004 0.542969

1.79255 0.539062
1.7913 0.541016

1.79102 0.541456
1.7913 0.541016

1.78906 0.544475
1.79004 0.542969

1.78516 0.550443
1.78494 0.550781

1.7832 0.553398
1.78235 0.554688

1.78494 0.550781
1.78364 0.552734

1.7832 0.5534
1.78364 0.552734

1.78711 0.547472
1.78622 0.548828

1.78516 0.550447
1.78622 0.548828

1.78711 0.547474
1.7875 0.546875

1.78125 0.556328
1.78235 0.554688

1.79688 0.532243
1.7975 0.53125

1.75781 0.589839
1.75781 0.589844

1.75586 0.592503
1.75494 0.59375

1.75781 0.589844
1.75638 0.591797

1.75586 0.592509
1.75637 0.591797

1.76172 0.584453
1.76065 0.585938

1.76367 0.581728
1.76346 0.582031

1.76562 0.578989
1.76485 0.580078

1.76367 0.58173
1.76485 0.580078

1.76346 0.582031
1.76206 0.583984

1.76172 0.584454
1.76205 0.583984

1.75977 0.587149
1.75924 0.587891

1.75781 0.589839
1.75923 0.587891

1.75977 0.587154
1.76065 0.585938

1.77344 0.56782
1.77307 0.568359

1.77307 0.568359
1.77172 0.570312

1.76953 0.573444
1.76899 0.574219

1.76758 0.576229
1.76624 0.578125

1.76899 0.574219
1.76762 0.576172

1.76758 0.576222
1.76761 0.576172

1.77148 0.570647
1.77036 0.572266

1.76953 0.573447
1.77036 0.572266

1.77148 0.570647
1.77171 0.570312

1.77539 0.564983
1.77442 0.566406

1.77709 0.5625
1.77575 0.564453

1.77539 0.564987
1.77575 0.564453

1.77344 0.567825
1.77441 0.566406

1.76562 0.578991
1.76624 0.578125

1.75391 0.595145
1.7535 0.595703

1.7535 0.595703
1.75204 0.597656

1.75195 0.59778
1.75059 0.599609

1.75 0.600395
1.75058 0.599609

1.75195 0.597773
1.75204 0.597656

1.75391 0.59515
1.75494 0.59375

1.81445 0.503195
1.81404 0.503906

1.81631 0.5
1.81518 0.501953

1.81445 0.503195
1.81518 0.501953

1.81404 0.503906
1.8129 0.505859

1.8125 0.506535
1.8129 0.505859

