0.00767556 0
0.00767118 0.0078125

0.0076615 0.0078125
0.00764954 0.015625

0.00763318 0.015625
0.00761592 0.0234375

0.00759527 0.0234375
0.00757435 0.03125

0.00755044 0.03125
0.00752639 0.0390625

0.00749912 0.0390625
0.00747134 0.046875

0.00743883 0.046875
0.00740639 0.0546875

0.00736749 0.0546875
0.00733038 0.0625

0.00728562 0.0625
0.00724502 0.0703125

0.0071963 0.0703125
0.00715387 0.078125

0.00710333 0.078125
0.0070602 0.0859375

0.0070083 0.0859375
0.00696456 0.09375

0.00691067 0.09375
0.00686588 0.101562

0.00680927 0.101562
0.00676288 0.109375

0.00670261 0.109375
0.00665401 0.117188

0.00658907 0.117188
0.00653767 0.125

0.0064671 0.125
0.0064124 0.132812

0.00633524 0.132812
0.00627681 0.140625

0.00619211 0.140625
0.00612969 0.148438

0.00603669 0.148438
0.00597024 0.15625

0.00586855 0.15625
0.0057983 0.164062

0.00568794 0.164062
0.00561442 0.171875

0.00549589 0.171875
0.00541987 0.179688

0.00529415 0.179688
0.00521663 0.1875

0.00508518 0.1875
0.00500729 0.195312

0.00487199 0.195312
0.00479489 0.203125

0.00465785 0.203125
0.00458262 0.210938

0.00444588 0.210938
0.00437336 0.21875

0.00423854 0.21875
0.00416919 0.226562

0.00403726 0.226562
0.00397104 0.234375

0.0038415 0.234375
0.00377835 0.242188

0.00365222 0.242188
0.00359218 0.25

0.00346948 0.25
0.00341256 0.257812

0.00329399 0.257812
0.00324036 0.265625

0.00312679 0.265625
0.00307674 0.273438

0.00296934 0.273438
0.00292324 0.28125

0.00282344 0.28125
0.00278167 0.289062

0.00269067 0.289062
0.00265355 0.296875

0.00257248 0.296875
0.00254042 0.304688

0.00247089 0.304688
0.00244432 0.3125

0.00238769 0.3125
0.00236701 0.320312

0.00232439 0.320312
0.00231032 0.328125

0.00228474 0.328125
0.00227831 0.335938

0.002272 0.335938
0.0022749 0.34375

0.00229411 0.34375
0.0023085 0.351562

0.00235765 0.351562
0.00238548 0.359375

0.00246695 0.359375
0.00251311 0.367188

0.00264254 0.367188
0.00272067 0.375

0.00293256 0.375
0.00308044 0.382812

0.00348841 0.382812
0.00377426 0.390625

0.00448925 0.390625
0.00499872 0.398438

0.00547744 0.398438
0.00724614 0.40625

0.0078125 0.404678
0.00851129 0.40625

0.00753959 0.40625
0.0078125 0.406778

0.0078125 0.406917
0.0155477 0.414062

0.0152928 0.414062
0.015625 0.414243

0.015625 0.412419
0.0189425 0.414062

0.0190033 0.414062
0.0234375 0.416239

0.0234375 0.415406
0.03125 0.42099

0.03125 0.420854
0.0323303 0.421875

0.0319425 0.421875
0.0387924 0.429688

0.038386 0.429688
0.0390625 0.430715

0.0390625 0.430846
0.0434462 0.4375

0.0433126 0.4375
0.046875 0.443406

0.046875 0.443456
0.0479894 0.445312

0.047993 0.445312
0.0526249 0.453125

0.0526241 0.453125
0.0546875 0.45662

0.0546875 0.456637
0.0572261 0.460938

0.0572246 0.460938
0.0618415 0.46875

0.0618447 0.46875
0.0625 0.469863

0.0625 0.469863
0.0664765 0.476562

0.0664746 0.476562
0.0703125 0.482984

0.0703125 0.482999
0.071131 0.484375

0.0711395 0.484375
0.0758545 0.492188

0.0758562 0.492188
0.078125 0.495905

0.078125 0.495914
0.0806189 0.5

0.0806187 0.5
0.085449 0.507812

0.0854556 0.507812
0.0859375 0.508601

0.0859375 0.508593
0.0903475 0.515625

0.0903479 0.515625
0.09375 0.52097

0.09375 0.520976
0.0953132 0.523438

0.0953174 0.523438
0.100369 0.53125

0.100381 0.53125
0.101562 0.533079

0.101562 0.533067
0.105503 0.539062

0.105504 0.539062
0.109375 0.544855

0.109375 0.54485
0.110711 0.546875

0.110723 0.546875
0.116034 0.554688

0.116052 0.554688
0.117188 0.556377

0.117188 0.556356
0.121439 0.5625

0.12144 0.5625
0.125 0.567555

0.125 0.567546
0.126927 0.570312

0.126939 0.570312
0.132541 0.578125

0.132543 0.578125
0.132812 0.5785

0.132812 0.578497
0.138246 0.585938

0.138267 0.585938
0.140625 0.589162

0.140625 0.589136
0.144056 0.59375

0.14406 0.59375
0.148438 0.599525

0.148438 0.599533
0.149959 0.601562

0.149977 0.601562
0.15601 0.609375

0.156011 0.609375
0.15625 0.609682

0.15625 0.609681
0.162159 0.617188

0.162175 0.617188
0.164062 0.619578

0.164062 0.619559
0.168427 0.625

0.16846 0.625
0.171875 0.629241

0.171875 0.629195
0.174797 0.632812

0.174828 0.632812
0.179688 0.638643

0.179688 0.638657
0.181329 0.640625

0.181341 0.640625
0.1875 0.64786

0.1875 0.647875
0.187982 0.648438

0.18799 0.648438
0.194776 0.65625

0.194778 0.65625
0.195312 0.656859

0.195312 0.656857
0.201699 0.664062

0.201705 0.664062
0.203125 0.665647

0.203125 0.665636
0.20876 0.671875

0.208777 0.671875
0.210938 0.674237

0.210938 0.674204
0.215951 0.679688

0.215996 0.679688
0.21875 0.682636

0.21875 0.682623
0.223329 0.6875

0.22336 0.6875
0.226562 0.690855

0.226562 0.690849
0.230861 0.695312

0.230877 0.695312
0.234375 0.698896

0.234375 0.698892
0.238554 0.703125

0.238551 0.703125
0.242188 0.706766

0.242188 0.706757
0.246415 0.710938

0.246394 0.710938
0.25 0.714466

0.25 0.714459
0.254447 0.71875

0.254413 0.71875
0.257812 0.722

0.257812 0.722003
0.262659 0.726562

0.26262 0.726562
0.265625 0.729373

0.265625 0.729397
0.27106 0.734375

0.271014 0.734375
0.273438 0.736593

0.273438 0.736603
0.279617 0.742188

0.2796 0.742188
0.28125 0.743667

0.28125 0.74367
0.288388 0.75

0.288383 0.75
0.289062 0.750596

0.289062 0.750597
0.296875 0.757385

0.296875 0.757351
0.297413 0.757812

0.297373 0.757812
0.304688 0.764036

0.304688 0.764006
0.30663 0.765625

0.306586 0.765625
0.3125 0.770546

0.3125 0.770547
0.316084 0.773438

0.316005 0.773438
0.320312 0.7769

0.320312 0.776919
0.325726 0.78125

0.325695 0.78125
0.328125 0.783162

0.328125 0.783169
0.335637 0.789062

0.33563 0.789062
0.335938 0.789301

0.335938 0.789303
0.34375 0.795307

0.34375 0.79529
0.345879 0.796875

0.345832 0.796875
0.351562 0.801188

0.351562 0.80118
0.356316 0.804688

0.356274 0.804688
0.359375 0.806933

0.359375 0.806945
0.367054 0.8125

0.367051 0.8125
0.367188 0.812597

0.367188 0.8126
0.375 0.818138

0.375 0.818132
0.378157 0.820312

0.37813 0.820312
0.382812 0.823563

0.382812 0.823556
0.389525 0.828125

0.389504 0.828125
0.390625 0.828867

0.390625 0.828875
0.398438 0.834086

0.398438 0.834079
0.401287 0.835938

0.401266 0.835938
0.40625 0.839194

0.40625 0.839187
0.413373 0.84375

0.413358 0.84375
0.414062 0.844186

0.414062 0.844193
0.421875 0.849097

0.421875 0.849092
0.425893 0.851562

0.42588 0.851562
0.429688 0.853904

0.429688 0.853898
0.4375 0.858605

0.4375 0.858597
0.438823 0.859375

0.438798 0.859375
0.445312 0.863221

0.445312 0.863217
0.45218 0.867188

0.452174 0.867188
0.453125 0.867733

0.453125 0.867734
0.460938 0.872159

0.460938 0.872158
0.466063 0.875

0.466056 0.875
0.46875 0.876494

0.46875 0.87649
0.476562 0.880732

0.476562 0.88073
0.480478 0.882812

0.480467 0.882812
0.484375 0.88489

0.484375 0.884886
0.492188 0.888953

0.492188 0.88895
0.495474 0.890625

0.49546 0.890625
0.5 0.892939

0.5 0.892935
0.507812 0.89683

0.507812 0.896827
0.511116 0.898438

0.511101 0.898438
0.515625 0.900643

0.515625 0.90064
0.523438 0.904364

0.523438 0.904362
0.527489 0.90625

0.527479 0.90625
0.53125 0.908007

0.53125 0.908003
0.539062 0.911562

0.539062 0.911562
0.544677 0.914062

0.544674 0.914062
0.546875 0.915043

0.546875 0.91504
0.554688 0.918442

0.554688 0.918442
0.5625 0.92177

0.5625 0.92176
0.562777 0.921875

0.562749 0.921875
0.570312 0.925024

0.570312 0.925023
0.578125 0.928199

0.578125 0.928197
0.581883 0.929688

0.581866 0.929688
0.585938 0.931303

0.585938 0.9313
0.59375 0.934322

0.59375 0.934322
0.601562 0.937267

0.601562 0.937255
0.60223 0.9375

0.602193 0.9375
0.609375 0.940135

0.609375 0.940133
0.617188 0.942921

0.617188 0.942921
0.624078 0.945312

0.624076 0.945312
0.625 0.945633

0.625 0.945632
0.632812 0.948269

0.632812 0.948269
0.640625 0.950833

0.640625 0.950832
0.64781 0.953125

0.64781 0.953125
0.648438 0.953325

0.648438 0.953325
0.65625 0.95575

0.65625 0.955749
0.664062 0.958108

0.664062 0.958107
0.671875 0.960401

0.671875 0.960397
0.67377 0.960938

0.67375 0.960938
0.679688 0.962633

0.679688 0.962631
0.6875 0.964799

0.6875 0.964799
0.695312 0.966906

0.695312 0.966906
0.702357 0.96875

0.702355 0.96875
0.703125 0.968952

0.703125 0.968951
0.710938 0.970933

0.710938 0.970934
0.71875 0.972852

0.71875 0.972853
0.726562 0.974704

0.726562 0.974704
0.734375 0.976489

0.734375 0.976477
0.734766 0.976562

0.734701 0.976562
0.742188 0.978206

0.742188 0.978205
0.75 0.979848

0.75 0.979848
0.757812 0.981421

0.757812 0.981421
0.765625 0.982922

0.765625 0.98292
0.773438 0.984354

0.773438 0.984341
0.77363 0.984375

0.773552 0.984375
0.78125 0.985721

0.78125 0.985719
0.789062 0.98702

0.789062 0.98702
0.796875 0.988257

0.796875 0.988258
0.804688 0.989433

0.804688 0.989433
0.8125 0.990546

0.8125 0.990546
0.820312 0.991597

0.820312 0.991595
0.824996 0.992188

0.824961 0.992188
0.828125 0.992588

0.828125 0.992584
0.835938 0.99351

0.835938 0.99351
0.84375 0.994375

0.84375 0.994374
0.851562 0.995176

0.851562 0.995176
0.859375 0.995917

0.859375 0.995917
0.867188 0.996595

0.867188 0.996595
0.875 0.997213

0.875 0.997213
0.882812 0.99777

0.882812 0.99777
0.890625 0.998266

0.890625 0.998266
0.898438 0.998702

0.898438 0.998702
0.90625 0.999078

0.90625 0.999078
0.914062 0.999394

0.914062 0.999394
0.921875 0.99965

0.921875 0.99965
0.929688 0.999847

0.929688 0.999846
0.9375 0.999983

0.9375 0.999976
0.939936 1

0.96875 0.999926
0.963308 1

0.96875 0.999922
0.976562 0.999753

0.976562 0.999754
0.984375 0.999524

0.984375 0.999524
0.992188 0.999234

0.992188 0.999234
1 0.998881

0.939004 1
0.945312 1.00006

0.945312 1.00006
0.953125 1.00007

0.953125 1.00007
0.960938 1.00003

0.960938 1.00002
0.962272 1

1 0.998881
1.00781 0.998466

1.00781 0.998466
1.01562 0.997988

1.01562 0.997988
1.02344 0.997448

1.02344 0.997448
1.03125 0.996846

1.03125 0.996846
1.03906 0.996182

1.03906 0.996182
1.04688 0.995454

1.04688 0.995454
1.05469 0.994664

1.05469 0.994664
1.0625 0.993811

1.0625 0.993811
1.07031 0.992894

1.07812 0.991916
1.07596 0.992188

1.07031 0.992894
1.07594 0.992188

1.07812 0.991913
1.08594 0.990869

1.08594 0.99087
1.09375 0.989763

1.09375 0.989763
1.10156 0.988591

1.10156 0.988591
1.10938 0.987356

1.10938 0.987356
1.11719 0.986057

1.11719 0.986057
1.125 0.984694

1.13281 0.98327
1.12676 0.984375

1.13281 0.983267
1.14062 0.981778

1.125 0.984687
1.12671 0.984375

1.14062 0.981778
1.14844 0.980228

1.14844 0.980228
1.15625 0.978617

1.15625 0.978617
1.16406 0.976947

1.17188 0.975223
1.16581 0.976562

1.16406 0.97694
1.16577 0.976562

1.17188 0.97522
1.17969 0.973435

1.17969 0.973435
1.1875 0.971591

1.20312 0.967713
1.19902 0.96875

1.20312 0.96771
1.21094 0.965668

1.21094 0.965669
1.21875 0.963555

1.1875 0.971592
1.19531 0.969684

1.19531 0.969681
1.199 0.96875

1.21875 0.963555
1.22656 0.961366

1.23438 0.959106
1.22805 0.960938

1.22656 0.961358
1.22802 0.960938

1.23438 0.959104
1.24219 0.956765

1.24219 0.956765
1.25 0.95435

1.30469 0.935374
1.29901 0.9375

1.30469 0.935372
1.3125 0.932374

1.25781 0.951862
1.25385 0.953125

1.25781 0.951859
1.26562 0.949295

1.25 0.954348
1.25384 0.953125

1.26562 0.949295
1.27344 0.946656

1.28125 0.943944
1.27731 0.945312

1.27344 0.946653
1.2773 0.945312

1.28125 0.943942
1.28906 0.941157

1.28906 0.941157
1.29688 0.9383

1.29688 0.938294
1.29899 0.9375

1.32031 0.929307
1.31934 0.929688

1.3125 0.932374
1.31934 0.929688

1.32031 0.929306
1.32812 0.926167

1.34375 0.919672
1.33851 0.921875

1.32812 0.926168
1.33594 0.922956

1.33594 0.92295
1.33849 0.921875

1.375 0.905719
1.37385 0.90625

1.34375 0.91967
1.35156 0.916305

1.35938 0.912862
1.35665 0.914062

1.35156 0.916305
1.35665 0.914062

1.35938 0.912859
1.36719 0.90933

1.36719 0.909331
1.37385 0.90625

1.4375 0.873732
1.4352 0.875

1.4375 0.873729
1.44531 0.86933

1.45312 0.864842
1.44905 0.867188

1.44531 0.869328
1.44903 0.867188

1.46875 0.85557
1.4624 0.859375

1.45312 0.864837
1.46094 0.860248

1.46094 0.860236
1.46238 0.859375

1.49219 0.840924
1.48776 0.84375

1.5 0.835835
1.49984 0.835938

1.49219 0.840919
1.49984 0.835938

1.47656 0.85079
1.47529 0.851562

1.46875 0.855567
1.47529 0.851562

1.47656 0.850785
1.48438 0.845903

1.48438 0.8459
1.48774 0.84375

1.375 0.905717
1.38281 0.902018

1.39062 0.898235
1.39021 0.898438

1.38281 0.902018
1.39021 0.898438

1.40625 0.890415
1.40584 0.890625

1.39062 0.898235
1.39844 0.894367

1.39844 0.894367
1.40583 0.890625

1.40625 0.890415
1.41406 0.886377

1.42188 0.882253
1.42081 0.882812

1.41406 0.886377
1.42081 0.882812

1.42188 0.882251
1.42969 0.878036

1.42969 0.878036
1.43519 0.875

1.95074 0
1.95071 0.0078125

1.95071 0.0078125
1.95062 0.015625

1.95062 0.015625
1.95046 0.0234375

1.95046 0.0234375
1.95025 0.03125

1.95025 0.03125
1.94997 0.0390625

1.94997 0.0390625
1.94963 0.046875

1.94963 0.046875
1.94923 0.0546875

1.94923 0.0546875
1.94877 0.0625

1.94877 0.0625
1.94825 0.0703125

1.94825 0.0703125
1.94766 0.078125

1.94766 0.078125
1.94702 0.0859375

1.94702 0.0859375
1.94631 0.09375

1.94531 0.10372
1.94471 0.109375

1.94631 0.09375
1.94554 0.101562

1.94531 0.10372
1.94554 0.101562

1.94471 0.109375
1.94382 0.117188

1.94382 0.117188
1.94287 0.125

1.9375 0.162036
1.93717 0.164062

1.93717 0.164062
1.93584 0.171875

1.93584 0.171875
1.93445 0.179688

1.93445 0.179688
1.93299 0.1875

1.93299 0.1875
1.93147 0.195312

1.93147 0.195312
1.92988 0.203125

1.92969 0.204033
1.92822 0.210938

1.92822 0.210938
1.9265 0.21875

1.92969 0.204036
1.92988 0.203125

1.92188 0.238339
1.92093 0.242188

1.92093 0.242188
1.91894 0.25

1.9265 0.21875
1.92471 0.226562

1.92471 0.226562
1.92285 0.234375

1.92188 0.238339
1.92285 0.234375

1.94287 0.125
1.94186 0.132812

1.94186 0.132812
1.94078 0.140625

1.94078 0.140625
1.93964 0.148438

1.93964 0.148438
1.93844 0.15625

1.9375 0.162036
1.93844 0.15625

1.875 0.381571
1.87449 0.382812

1.87449 0.382812
1.87122 0.390625

1.86719 0.4
1.86444 0.40625

1.87122 0.390625
1.86787 0.398438

1.86719 0.400001
1.86787 0.398438

1.85938 0.417459
1.85735 0.421875

1.85156 0.434081
1.84992 0.4375

1.85735 0.421875
1.85367 0.429688

1.85156 0.434082
1.85367 0.429688

1.86444 0.40625
1.86094 0.414062

1.85938 0.41746
1.86094 0.414062

1.84375 0.44996
1.84216 0.453125

1.83594 0.465164
1.83406 0.46875

1.84216 0.453125
1.83815 0.460938

1.83594 0.465165
1.83815 0.460938

1.82812 0.479759
1.8256 0.484375

1.82031 0.493804
1.81678 0.5

1.8256 0.484375
1.82123 0.492188

1.82031 0.493806
1.82124 0.492188

1.83406 0.46875
1.82987 0.476562

1.82812 0.479761
1.82987 0.476562

1.84992 0.4375
1.84608 0.445312

1.84375 0.44996
1.84608 0.445312

1.90625 0.294803
1.90562 0.296875

1.90562 0.296875
1.90315 0.304688

1.90315 0.304688
1.90061 0.3125

1.91894 0.25
1.91689 0.257812

1.91689 0.257812
1.91477 0.265625

1.91406 0.268155
1.91258 0.273438

1.91259 0.273438
1.91033 0.28125

1.91406 0.268156
1.91477 0.265625

1.91033 0.28125
1.90801 0.289062

1.90625 0.294803
1.90801 0.289062

1.89062 0.341294
1.88974 0.34375

1.89844 0.319014
1.898 0.320312

1.898 0.320312
1.89532 0.328125

1.89844 0.319015
1.90061 0.3125

1.89532 0.328125
1.89256 0.335938

1.89062 0.341295
1.89257 0.335938

1.88974 0.34375
1.88683 0.351562

1.88683 0.351562
1.88386 0.359375

1.88281 0.362053
1.88081 0.367188

1.88081 0.367188
1.87769 0.375

1.88281 0.362054
1.88386 0.359375

1.875 0.381571
1.87769 0.375

1.61719 0.745673
1.61224 0.75

1.625 0.738593
1.621 0.742188

1.61719 0.745628
1.62104 0.742188

1.73438 0.62127
1.73146 0.625

1.75 0.601065
1.74963 0.601562

1.74963 0.601562
1.74369 0.609375

1.74219 0.611319
1.73763 0.617188

1.73438 0.621322
1.73761 0.617188

1.74219 0.611311
1.74366 0.609375

1.67969 0.684658
1.67702 0.6875

1.6875 0.67624
1.68434 0.679688

1.67969 0.684667
1.68429 0.679688

1.64844 0.71647
1.64609 0.71875

1.65625 0.708782
1.65408 0.710938

1.64844 0.716463
1.65408 0.710938

1.63281 0.731371
1.62956 0.734375

1.64062 0.724
1.63792 0.726562

1.63281 0.731347
1.63795 0.726562

1.625 0.738561
1.62959 0.734375

1.64062 0.723984
1.64611 0.71875

1.66406 0.700922
1.66189 0.703125

1.67188 0.692882
1.66954 0.695312

1.66406 0.700922
1.66951 0.695312

1.65625 0.708778
1.66188 0.703125

1.67188 0.692888
1.67698 0.6875

1.71875 0.640536
1.71868 0.640625

1.71094 0.649787
1.70537 0.65625

1.71868 0.640625
1.71209 0.648438

1.71094 0.649762
1.71207 0.648438

1.69531 0.667616
1.69152 0.671875

1.70312 0.658797
1.69853 0.664062

1.69531 0.667628
1.69847 0.664062

1.6875 0.676249
1.69146 0.671875

1.70312 0.658801
1.70534 0.65625

1.72656 0.631032
1.72513 0.632812

1.71875 0.640536
1.72513 0.632812

1.72656 0.631034
1.73144 0.625

1.53906 0.808787
1.53391 0.8125

1.54688 0.803046
1.54461 0.804688

1.53906 0.808781
1.54462 0.804688

1.5625 0.791181
1.55507 0.796875

1.54688 0.803031
1.55469 0.797164

1.55469 0.797166
1.55507 0.796875

1.51562 0.825346
1.51153 0.828125

1.5 0.835835
1.50781 0.830644

1.50781 0.830637
1.51152 0.828125

1.52344 0.819936
1.52289 0.820312

1.51562 0.825341
1.52289 0.820312

1.52344 0.819932
1.53125 0.814414

1.53125 0.81439
1.53393 0.8125

1.57812 0.778849
1.57509 0.78125

1.58594 0.772465
1.58475 0.773438

1.57812 0.778831
1.58474 0.773438

1.58594 0.772465
1.59375 0.765966

1.57031 0.785077
1.56521 0.789062

1.5625 0.791159
1.56524 0.789062

1.57031 0.785055
1.5751 0.78125

1.60156 0.759333
1.59415 0.765625

1.60938 0.752563
1.60331 0.757812

1.60156 0.759329
1.60333 0.757812

1.59375 0.765967
1.59416 0.765625

1.60938 0.75255
1.61229 0.75

1.78125 0.557049
1.77758 0.5625

1.8125 0.507336
1.81223 0.507812

1.81222 0.507812
1.80758 0.515625

1.80469 0.520378
1.80283 0.523438

1.80283 0.523438
1.79798 0.53125

1.80469 0.520379
1.80758 0.515625

1.78906 0.545204
1.788 0.546875

1.79688 0.533002
1.79304 0.539062

1.78906 0.545215
1.79304 0.539062

1.78799 0.546875
1.78284 0.554688

1.78125 0.557064
1.78283 0.554688

1.79688 0.533012
1.79798 0.53125

1.75781 0.590496
1.75546 0.59375

1.76562 0.579689
1.76115 0.585938

1.75781 0.590515
1.76115 0.585938

1.77344 0.568513
1.77223 0.570312

1.77222 0.570312
1.76674 0.578125

1.77344 0.568533
1.77758 0.5625

1.76562 0.579688
1.76672 0.578125

1.75 0.601065
1.75545 0.59375

1.8125 0.507339
1.81678 0.5

