0.0031476 0
0.00314737 0.00195312

0.00314737 0.00195312
0.00314665 0.00390625

0.00314665 0.00390625
0.00314546 0.00585938

0.00314546 0.00585938
0.00314378 0.0078125

0.00314378 0.0078125
0.00314162 0.00976562

0.00314162 0.00976562
0.00313898 0.0117188

0.00313898 0.0117188
0.00313584 0.0136719

0.00313584 0.0136719
0.00313221 0.015625

0.00313221 0.015625
0.00312808 0.0175781

0.00312808 0.0175781
0.00312345 0.0195312

0.00312345 0.0195312
0.0031183 0.0214844

0.00311831 0.0214844
0.00311265 0.0234375

0.00311265 0.0234375
0.00310647 0.0253906

0.00310647 0.0253906
0.00309976 0.0273438

0.00309977 0.0273438
0.00309253 0.0292969

0.00309253 0.0292969
0.00308475 0.03125

0.00308475 0.03125
0.00307643 0.0332031

0.00307643 0.0332031
0.00306756 0.0351562

0.00306756 0.0351562
0.00305813 0.0371094

0.00305813 0.0371094
0.00304814 0.0390625

0.00304814 0.0390625
0.00303757 0.0410156

0.00303757 0.0410156
0.00302642 0.0429688

0.00302643 0.0429688
0.0030147 0.0449219

0.0030147 0.0449219
0.00300238 0.046875

0.00300238 0.046875
0.00298946 0.0488281

0.00298946 0.0488281
0.00297595 0.0507812

0.00297596 0.0507812
0.00296185 0.0527344

0.00296185 0.0527344
0.00294714 0.0546875

0.00294714 0.0546875
0.00293183 0.0566406

0.00293183 0.0566406
0.00291593 0.0585938

0.00291593 0.0585938
0.00289942 0.0605469

0.00289942 0.0605469
0.00288233 0.0625

0.00288233 0.0625
0.00286464 0.0644531

0.00286464 0.0644531
0.00284637 0.0664062

0.00284637 0.0664062
0.00282751 0.0683594

0.00282751 0.0683594
0.00280807 0.0703125

0.00280807 0.0703125
0.00278804 0.0722656

0.00278804 0.0722656
0.00276744 0.0742188

0.00276744 0.0742188
0.00274625 0.0761719

0.00274625 0.0761719
0.00272448 0.078125

0.00272448 0.078125
0.00270213 0.0800781

0.00270213 0.0800781
0.0026792 0.0820312

0.0026792 0.0820312
0.00265568 0.0839844

0.00265568 0.0839844
0.00263158 0.0859375

0.00263158 0.0859375
0.00260691 0.0878906

0.00260691 0.0878906
0.00258166 0.0898438

0.00258166 0.0898438
0.00255586 0.0917969

0.00255586 0.0917969
0.00252952 0.09375

0.00252952 0.09375
0.00250266 0.0957031

0.00250265 0.0957031
0.00247531 0.0976562

0.0024753 0.0976562
0.00244751 0.0996094

0.0024475 0.0996094
0.0024193 0.101562

0.00241929 0.101562
0.00239074 0.103516

0.00239072 0.103516
0.00236187 0.105469

0.00236185 0.105469
0.00233277 0.107422

0.00233275 0.107422
0.00230351 0.109375

0.00230349 0.109375
0.00227418 0.111328

0.00227415 0.111328
0.00224484 0.113281

0.00224482 0.113281
0.00221559 0.115234

0.00221557 0.115234
0.00218651 0.117188

0.00218649 0.117188
0.0021577 0.119141

0.00215768 0.119141
0.00212924 0.121094

0.00212922 0.121094
0.00210121 0.123047

0.00210119 0.123047
0.00207368 0.125

0.00207367 0.125
0.00204674 0.126953

0.00204672 0.126953
0.00202044 0.128906

0.00202043 0.128906
0.00199483 0.130859

0.00199527 0.130859
0.00196951 0.132812

0.00195312 0.133916
0.00194507 0.134766

0.00191953 0.134766
0.00189688 0.136719

0.00195312 0.1338
0.00197188 0.132812

0.00187398 0.136719
0.00185293 0.138672

0.00183012 0.138672
0.00181019 0.140625

0.00178775 0.140625
0.0017689 0.142578

0.00174692 0.142578
0.0017291 0.144531

0.00170762 0.144531
0.00169078 0.146484

0.00166985 0.146484
0.00165394 0.148438

0.00163359 0.148438
0.00161856 0.150391

0.00159881 0.150391
0.00158459 0.152344

0.00156543 0.152344
0.00155198 0.154297

0.0015334 0.154297
0.00152065 0.15625

0.00150264 0.15625
0.00149055 0.158203

0.00147308 0.158203
0.00146157 0.160156

0.00144462 0.160156
0.00143367 0.162109

0.00141721 0.162109
0.00140677 0.164062

0.00139079 0.164062
0.00138082 0.166016

0.00136529 0.166016
0.00135577 0.167969

0.00134071 0.167969
0.00133161 0.169922

0.001317 0.169922
0.00130831 0.171875

0.00129416 0.171875
0.00128586 0.173828

0.00127217 0.173828
0.00126426 0.175781

0.00125104 0.175781
0.0012435 0.177734

0.00123075 0.177734
0.00122356 0.179688

0.00121128 0.179688
0.00120443 0.181641

0.0011926 0.181641
0.00118608 0.183594

0.00117469 0.183594
0.00116848 0.185547

0.00115751 0.185547
0.00115158 0.1875

0.00114101 0.1875
0.00113535 0.189453

0.00112516 0.189453
0.00111975 0.191406

0.00110992 0.191406
0.00110474 0.193359

0.00109526 0.193359
0.0010903 0.195312

0.00108115 0.195312
0.0010764 0.197266

0.00106757 0.197266
0.00106302 0.199219

0.00105451 0.199219
0.00105016 0.201172

0.00104195 0.201172
0.00103779 0.203125

0.0010299 0.203125
0.00102593 0.205078

0.00101835 0.205078
0.00101456 0.207031

0.00100729 0.207031
0.00100368 0.208984

0.000996729 0.208984
0.0009933 0.210938

0.000986667 0.210938
0.000983415 0.212891

0.000977102 0.212891
0.000974026 0.214844

0.000968033 0.214844
0.000965131 0.216797

0.000959459 0.216797
0.000956728 0.21875

0.000951374 0.21875
0.000948811 0.220703

0.000943773 0.220703
0.000941373 0.222656

0.000936646 0.222656
0.000934405 0.224609

0.000929982 0.224609
0.000927894 0.226562

0.000923766 0.226562
0.000921826 0.228516

0.000917982 0.228516
0.000916182 0.230469

0.000912611 0.230469
0.000910944 0.232422

0.000907632 0.232422
0.000906091 0.234375

0.000903023 0.234375
0.000901599 0.236328

0.000898759 0.236328
0.000897444 0.238281

0.000894817 0.238281
0.000893603 0.240234

0.000891172 0.240234
0.000890049 0.242188

0.000887797 0.242188
0.000886759 0.244141

0.000884669 0.244141
0.000883706 0.246094

0.000881763 0.246094
0.000880868 0.248047

0.000879056 0.248047
0.00087822 0.25

0.000876525 0.25
0.000875742 0.251953

0.000874148 0.251953
0.000873412 0.253906

0.000871907 0.253906
0.000871211 0.255859

0.000869783 0.255859
0.000869122 0.257812

0.00086776 0.257812
0.000867128 0.259766

0.000865823 0.259766
0.000865217 0.261719

0.00086396 0.261719
0.000863375 0.263672

0.000862159 0.263672
0.000861592 0.265625

0.000860411 0.265625
0.00085986 0.267578

0.000858709 0.267578
0.000858172 0.269531

0.000857047 0.269531
0.000856522 0.271484

0.00085542 0.271484
0.000854906 0.273438

0.000853826 0.273438
0.000853323 0.275391

0.000852263 0.275391
0.00085177 0.277344

0.000850731 0.277344
0.000850248 0.279297

0.00084923 0.279297
0.000848757 0.28125

0.00084776 0.28125
0.000847298 0.283203

0.000846325 0.283203
0.000845874 0.285156

0.000844925 0.285156
0.000844486 0.287109

0.000843563 0.287109
0.000843137 0.289062

0.000842241 0.289062
0.000841829 0.291016

0.000840962 0.291016
0.000840565 0.292969

0.000839728 0.292969
0.000839345 0.294922

0.000838541 0.294922
0.000838173 0.296875

0.000837401 0.296875
0.000837049 0.298828

0.000836311 0.298828
0.000835975 0.300781

0.000835271 0.300781
0.00083495 0.302734

0.000834281 0.302734
0.000833976 0.304688

0.000833341 0.304688
0.000833052 0.306641

0.000832451 0.306641
0.000832178 0.308594

0.00083161 0.308594
0.000831353 0.310547

0.000830818 0.310547
0.000830576 0.3125

0.000830073 0.3125
0.000829846 0.314453

0.000829374 0.314453
0.000829162 0.316406

0.000828721 0.316406
0.000828523 0.318359

0.000828112 0.318359
0.000827928 0.320312

0.000827546 0.320312
0.000827375 0.322266

0.000827022 0.322266
0.000826864 0.324219

0.000826538 0.324219
0.000826394 0.326172

0.000826095 0.326172
0.000825963 0.328125

0.000825692 0.328125
0.000825572 0.330078

0.000825326 0.330078
0.000825219 0.332031

0.000824999 0.332031
0.000824903 0.333984

0.000824709 0.333984
0.000824625 0.335938

0.000824456 0.335938
0.000824383 0.337891

0.000824238 0.337891
0.000824177 0.339844

0.000824056 0.339844
0.000824005 0.341797

0.000823907 0.341797
0.000823867 0.34375

0.000823792 0.34375
0.000823762 0.345703

0.000823709 0.345703
0.000823689 0.347656

0.000823656 0.347656
0.000823645 0.349609

0.000823632 0.349609
0.00082363 0.351562

0.000823636 0.351562
0.000823643 0.353516

0.000823666 0.353516
0.000823681 0.355469

0.000823721 0.355469
0.000823743 0.357422

0.000823798 0.357422
0.000823827 0.359375

0.000823897 0.359375
0.000823932 0.361328

0.000824014 0.361328
0.000824055 0.363281

0.00082415 0.363281
0.000824196 0.365234

0.000824302 0.365234
0.000824353 0.367188

0.000824469 0.367188
0.000824525 0.369141

0.00082465 0.369141
0.00082471 0.371094

0.000824843 0.371094
0.000824907 0.373047

0.000825049 0.373047
0.000825117 0.375

0.000825266 0.375
0.000825337 0.376953

0.000825495 0.376953
0.000825569 0.378906

0.000825734 0.378906
0.000825812 0.380859

0.000825984 0.380859
0.000826065 0.382812

0.000826245 0.382812
0.00082633 0.384766

0.000826517 0.384766
0.000826606 0.386719

0.000826801 0.386719
0.000826894 0.388672

0.000827097 0.388672
0.000827194 0.390625

0.000827406 0.390625
0.000827507 0.392578

0.000827729 0.392578
0.000827834 0.394531

0.000828065 0.394531
0.000828175 0.396484

0.000828416 0.396484
0.000828531 0.398438

0.000828783 0.398438
0.000828902 0.400391

0.000829165 0.400391
0.00082929 0.402344

0.000829564 0.402344
0.000829694 0.404297

0.000829979 0.404297
0.000830115 0.40625

0.000830412 0.40625
0.000830553 0.408203

0.000830862 0.408203
0.000831009 0.410156

0.00083133 0.410156
0.000831483 0.412109

0.000831816 0.412109
0.000831975 0.414062

0.000832321 0.414062
0.000832485 0.416016

0.000832844 0.416016
0.000833014 0.417969

0.000833386 0.417969
0.000833562 0.419922

0.000833947 0.419922
0.000834129 0.421875

0.000834527 0.421875
0.000834716 0.423828

0.000835127 0.423828
0.000835321 0.425781

0.000835745 0.425781
0.000835946 0.427734

0.000836382 0.427734
0.000836589 0.429688

0.000837038 0.429688
0.000837251 0.431641

0.000837712 0.431641
0.000837929 0.433594

0.000838402 0.433594
0.000838625 0.435547

0.000839107 0.435547
0.000839335 0.4375

0.000839827 0.4375
0.000840059 0.439453

0.000840559 0.439453
0.000840795 0.441406

0.000841302 0.441406
0.000841541 0.443359

0.000842054 0.443359
0.000842295 0.445312

0.000842812 0.445312
0.000843055 0.447266

0.000843576 0.447266
0.00084382 0.449219

0.000844342 0.449219
0.000844587 0.451172

0.00084511 0.451172
0.000845355 0.453125

0.000845878 0.453125
0.000846122 0.455078

0.000846644 0.455078
0.000846888 0.457031

0.000847408 0.457031
0.000847651 0.458984

0.000848168 0.458984
0.00084841 0.460938

0.000848925 0.460938
0.000849166 0.462891

0.000849679 0.462891
0.000849919 0.464844

0.000850429 0.464844
0.000850668 0.466797

0.000851176 0.466797
0.000851415 0.46875

0.000851923 0.46875
0.000852161 0.470703

0.000852668 0.470703
0.000852907 0.472656

0.000853416 0.472656
0.000853656 0.474609

0.000854167 0.474609
0.000854408 0.476562

0.000854923 0.476562
0.000855167 0.478516

0.000855688 0.478516
0.000855935 0.480469

0.000856462 0.480469
0.000856713 0.482422

0.00085725 0.482422
0.000857505 0.484375

0.000858052 0.484375
0.000858312 0.486328

0.000858871 0.486328
0.000859137 0.488281

0.000859708 0.488281
0.000859981 0.490234

0.000860565 0.490234
0.000860845 0.492188

0.000861444 0.492188
0.00086173 0.494141

0.000862344 0.494141
0.000862637 0.496094

0.000863266 0.496094
0.000863567 0.498047

0.00086421 0.498047
0.000864518 0.5

0.000865177 0.5
0.000865491 0.501953

0.000866164 0.501953
0.000866485 0.503906

0.000867171 0.503906
0.000867499 0.505859

0.000868198 0.505859
0.000868532 0.507812

0.000869243 0.507812
0.000869582 0.509766

0.000870303 0.509766
0.000870648 0.511719

0.000871379 0.511719
0.000871728 0.513672

0.000872468 0.513672
0.000872821 0.515625

0.000873568 0.515625
0.000873925 0.517578

0.000874679 0.517578
0.000875038 0.519531

0.000875798 0.519531
0.00087616 0.521484

0.000876925 0.521484
0.000877289 0.523438

0.000878058 0.523438
0.000878424 0.525391

0.000879196 0.525391
0.000879565 0.527344

0.000880339 0.527344
0.000880709 0.529297

0.000881486 0.529297
0.000881858 0.53125

0.000882637 0.53125
0.000883009 0.533203

0.000883791 0.533203
0.000884165 0.535156

0.000884949 0.535156
0.000885324 0.537109

0.00088611 0.537109
0.000886486 0.539062

0.000887275 0.539062
0.000887653 0.541016

0.000888444 0.541016
0.000888824 0.542969

0.000889619 0.542969
0.00089 0.544922

0.000890799 0.544922
0.000891183 0.546875

0.000891986 0.546875
0.000892372 0.548828

0.000893181 0.548828
0.00089357 0.550781

0.000894384 0.550781
0.000894776 0.552734

0.000895596 0.552734
0.000895992 0.554688

0.000896819 0.554688
0.000897219 0.556641

0.000898054 0.556641
0.000898457 0.558594

0.000899301 0.558594
0.000899709 0.560547

0.000900561 0.560547
0.000900974 0.5625

0.000901836 0.5625
0.000902253 0.564453

0.000903125 0.564453
0.000903548 0.566406

0.00090443 0.566406
0.000904858 0.568359

0.000905751 0.568359
0.000906185 0.570312

0.000907088 0.570312
0.000907527 0.572266

0.000908442 0.572266
0.000908887 0.574219

0.000909812 0.574219
0.000910263 0.576172

0.0009112 0.576172
0.000911656 0.578125

0.000912603 0.578125
0.000913065 0.580078

0.000914024 0.580078
0.000914491 0.582031

0.000915461 0.582031
0.000915933 0.583984

0.000916914 0.583984
0.000917392 0.585938

0.000918382 0.585938
0.000918866 0.587891

0.000919867 0.587891
0.000920356 0.589844

0.000921367 0.589844
0.000921862 0.591797

0.000922883 0.591797
0.000923383 0.59375

0.000924414 0.59375
0.000924919 0.595703

0.000925961 0.595703
0.000926471 0.597656

0.000927523 0.597656
0.000928038 0.599609

0.000929101 0.599609
0.000929622 0.601562

0.000930695 0.601562
0.000931221 0.603516

0.000932305 0.603516
0.000932838 0.605469

0.000933932 0.605469
0.000934471 0.607422

0.000935577 0.607422
0.000936122 0.609375

0.000937241 0.609375
0.000937792 0.611328

0.000938923 0.611328
0.000939482 0.613281

0.000940626 0.613281
0.000941192 0.615234

0.00094235 0.615234
0.000942922 0.617188

0.000944095 0.617188
0.000944676 0.619141

0.000945863 0.619141
0.000946452 0.621094

0.000947655 0.621094
0.000948252 0.623047

0.000949472 0.623047
0.000950078 0.625

0.000951314 0.625
0.000951929 0.626953

0.000953183 0.626953
0.000953807 0.628906

0.000955078 0.628906
0.000955712 0.630859

0.000957002 0.630859
0.000957645 0.632812

0.000958954 0.632812
0.000959607 0.634766

0.000960934 0.634766
0.000961598 0.636719

0.000962945 0.636719
0.000963618 0.638672

0.000964985 0.638672
0.000965669 0.640625

0.000967055 0.640625
0.000967749 0.642578

0.000969155 0.642578
0.00096986 0.644531

0.000971286 0.644531
0.000972002 0.646484

0.000973447 0.646484
0.000974174 0.648438

0.000975639 0.648438
0.000976377 0.650391

0.000977861 0.650391
0.000978609 0.652344

0.000980111 0.652344
0.000980869 0.654297

0.000982392 0.654297
0.000983161 0.65625

0.000984704 0.65625
0.000985484 0.658203

0.000987048 0.658203
0.00098784 0.660156

0.000989426 0.660156
0.00099023 0.662109

0.000991838 0.662109
0.000992654 0.664062

0.000994285 0.664062
0.000995115 0.666016

0.00099677 0.666016
0.000997613 0.667969

0.000999294 0.667969
0.00100015 0.669922

0.00100186 0.669922
0.00100273 0.671875

0.00100447 0.671875
0.00100536 0.673828

0.00100712 0.673828
0.00100802 0.675781

0.00100982 0.675781
0.00101074 0.677734

0.00101257 0.677734
0.00101351 0.679688

0.00101537 0.679688
0.00101633 0.681641

0.00101823 0.681641
0.00101921 0.683594

0.00102114 0.683594
0.00102214 0.685547

0.00102411 0.685547
0.00102513 0.6875

0.00102714 0.6875
0.00102818 0.689453

0.00103023 0.689453
0.00103129 0.691406

0.00103338 0.691406
0.00103446 0.693359

0.00103659 0.693359
0.00103769 0.695312

0.00103986 0.695312
0.00104099 0.697266

0.0010432 0.697266
0.00104435 0.699219

0.0010466 0.699219
0.00104778 0.701172

0.00105007 0.701172
0.00105127 0.703125

0.00105361 0.703125
0.00105483 0.705078

0.00105721 0.705078
0.00105847 0.707031

0.00106089 0.707031
0.00106217 0.708984

0.00106463 0.708984
0.00106594 0.710938

0.00106845 0.710938
0.00106979 0.712891

0.00107235 0.712891
0.00107371 0.714844

0.00107632 0.714844
0.00107772 0.716797

0.00108038 0.716797
0.00108181 0.71875

0.00108453 0.71875
0.00108599 0.720703

0.00108877 0.720703
0.00109027 0.722656

0.00109311 0.722656
0.00109465 0.724609

0.00109756 0.724609
0.00109913 0.726562

0.00110211 0.726562
0.00110373 0.728516

0.00110678 0.728516
0.00110844 0.730469

0.00111158 0.730469
0.00111328 0.732422

0.00111649 0.732422
0.00111825 0.734375

0.00112154 0.734375
0.00112334 0.736328

0.00112673 0.736328
0.00112858 0.738281

0.00113205 0.738281
0.00113396 0.740234

0.00113752 0.740234
0.00113949 0.742188

0.00114315 0.742188
0.00114517 0.744141

0.00114893 0.744141
0.00115101 0.746094

0.00115487 0.746094
0.00115702 0.748047

0.00116097 0.748047
0.00116319 0.75

0.00116725 0.75
0.00116953 0.751953

0.0011737 0.751953
0.00117606 0.753906

0.00118035 0.753906
0.00118278 0.755859

0.00118719 0.755859
0.0011897 0.757812

0.00119423 0.757812
0.00119683 0.759766

0.0012015 0.759766
0.00120418 0.761719

0.00120899 0.761719
0.00121177 0.763672

0.00121673 0.763672
0.00121961 0.765625

0.00122473 0.765625
0.00122771 0.767578

0.001233 0.767578
0.0012361 0.769531

0.00124156 0.769531
0.00124478 0.771484

0.00125044 0.771484
0.0012538 0.773438

0.00125966 0.773438
0.00126316 0.775391

0.00126925 0.775391
0.00127291 0.777344

0.00127924 0.777344
0.00128307 0.779297

0.00128968 0.779297
0.00129371 0.78125

0.00130061 0.78125
0.00130486 0.783203

0.0013121 0.783203
0.0013166 0.785156

0.00132424 0.785156
0.00132903 0.787109

0.00133712 0.787109
0.00134227 0.789062

0.00135091 0.789062
0.00135649 0.791016

0.00136581 0.791016
0.00137193 0.792969

0.0013821 0.792969
0.00138889 0.794922

0.00140011 0.794922
0.00140775 0.796875

0.00142027 0.796875
0.00142901 0.798828

0.00144322 0.798828
0.0014534 0.800781

0.00146986 0.800781
0.00148192 0.802734

0.00150109 0.802734
0.00151553 0.804688

0.00153787 0.804688
0.00155563 0.806641

0.0015827 0.806641
0.00160536 0.808594

0.00163957 0.808594
0.00166821 0.810547

0.00170851 0.810547
0.00174344 0.8125

0.00178519 0.8125
0.00183417 0.814453

0.00190091 0.814453
0.00195312 0.816278

0.00195312 0.815745
0.00199144 0.816406

0.00198107 0.816406
0.00209098 0.818359

0.00208473 0.818359
0.00222536 0.820312

0.00222363 0.820312
0.00241092 0.822266

0.0024094 0.822266
0.00264985 0.824219

0.00264848 0.824219
0.00294788 0.826172

0.00294681 0.826172
0.00331005 0.828125

0.00330964 0.828125
0.00373967 0.830078

0.00374642 0.830078
0.00390625 0.830703

0.00390625 0.830748
0.00423441 0.832031

0.00423897 0.832031
0.00480808 0.833984

0.00480912 0.833984
0.00544429 0.835938

0.00544793 0.835938
0.00585938 0.837083

0.00585938 0.837116
0.00613756 0.837891

0.00614294 0.837891
0.00691619 0.839844

0.00691852 0.839844
0.00776223 0.841797

0.00776289 0.841797
0.0078125 0.841903

0.0078125 0.841912
0.00867515 0.84375

0.00867674 0.84375
0.00967144 0.845703

0.0096718 0.845703
0.00976562 0.845875

0.00976562 0.84588
0.0107439 0.847656

0.0107452 0.847656
0.0117188 0.849295

0.0117188 0.849298
0.0119037 0.849609

0.0119032 0.849609
0.013152 0.851562

0.0131558 0.851562
0.0136719 0.852322

0.0136719 0.852322
0.0144939 0.853516

0.0144931 0.853516
0.015625 0.855045

0.015625 0.85504
0.0159431 0.855469

0.0159367 0.855469
0.0174902 0.857422

0.0174946 0.857422
0.0175781 0.857523

0.0175781 0.857527
0.0191586 0.859375

0.0191641 0.859375
0.0195312 0.859786

0.0195312 0.859783
0.0209524 0.861328

0.0209585 0.861328
0.0214844 0.861874

0.0214844 0.861874
0.0228925 0.863281

0.0228945 0.863281
0.0234375 0.863804

0.0234375 0.863811
0.0249848 0.865234

0.0249818 0.865234
0.0253906 0.8656

0.0253906 0.865605
0.0272365 0.867188

0.0272353 0.867188
0.0273438 0.867278

0.0273438 0.867277
0.0292969 0.86884

0.0292969 0.868847
0.0296879 0.869141

0.0297032 0.869141
0.03125 0.870299

0.03125 0.870301
0.0323818 0.871094

0.0323822 0.871094
0.0332031 0.871663

0.0332031 0.871665
0.0351562 0.872946

0.0351562 0.872952
0.0353118 0.873047

0.035323 0.873047
0.0371094 0.874146

0.0371094 0.874147
0.0385901 0.875

0.0385917 0.875
0.0390625 0.875271

0.0390625 0.87527
0.0410156 0.876324

0.0410156 0.876324
0.0422601 0.876953

0.0422635 0.876953
0.0429688 0.877309

0.0429688 0.877309
0.0449219 0.878232

0.0449219 0.878232
0.0464496 0.878906

0.046449 0.878906
0.046875 0.879094

0.046875 0.879093
0.0488281 0.879896

0.0488281 0.879896
0.0507812 0.880645

0.0507812 0.880645
0.0513834 0.880859

0.0513875 0.880859
0.0527344 0.881338

0.0527344 0.881338
0.0546875 0.881981

0.0546875 0.881981
0.0566406 0.882574

0.0566406 0.882574
0.0574952 0.882812

0.0574973 0.882812
0.0585938 0.883118

0.0585938 0.883118
0.0605469 0.883616

0.0605469 0.883615
0.0625 0.884068

0.0625 0.884068
0.0644531 0.884477

0.0644531 0.884477
0.0659965 0.884766

0.0659942 0.884766
0.0664062 0.884843

0.0664062 0.884842
0.0683594 0.885165

0.0683594 0.885165
0.0703125 0.885447

0.0703125 0.885447
0.0722656 0.885689

0.0722656 0.885689
0.0742188 0.885892

0.0742188 0.885892
0.0761719 0.886056

0.0761719 0.886056
0.078125 0.886182

0.078125 0.886182
0.0800781 0.88627

0.0800781 0.88627
0.0820312 0.886322

0.0820312 0.886321
0.0839844 0.886337

0.0839844 0.886337
0.0859375 0.886316

0.0859375 0.886316
0.0878906 0.88626

0.0878906 0.88626
0.0898438 0.886169

0.0898438 0.886169
0.0917969 0.886043

0.0917969 0.886043
0.09375 0.885883

0.09375 0.885883
0.0957031 0.88569

0.0957031 0.885689
0.0976562 0.885462

0.0976562 0.885462
0.0996094 0.885202

0.0996094 0.885202
0.101562 0.884908

0.103516 0.884582
0.102418 0.884766

0.101562 0.884908
0.102416 0.884766

0.103516 0.884582
0.105469 0.884223

0.105469 0.884223
0.107422 0.883832

0.107422 0.883832
0.109375 0.883409

0.113281 0.882468
0.111898 0.882812

0.113281 0.882468
0.115234 0.88195

0.115234 0.88195
0.117188 0.881401

0.109375 0.883409
0.111328 0.882954

0.111328 0.882954
0.111897 0.882812

0.119141 0.880821
0.119012 0.880859

0.117188 0.881401
0.119013 0.880859

0.119141 0.880822
0.121094 0.880212

0.121094 0.880212
0.123047 0.879572

0.123047 0.879572
0.124991 0.878906

0.136719 0.8743
0.135079 0.875

0.136719 0.8743
0.138672 0.873442

0.140625 0.872559
0.139545 0.873047

0.138672 0.873442
0.139548 0.873047

0.144531 0.870733
0.143767 0.871094

0.140625 0.87256
0.142578 0.871657

0.142578 0.871657
0.143772 0.871094

0.144531 0.870734
0.146484 0.869794

0.148438 0.868835
0.147812 0.869141

0.146484 0.869794
0.14782 0.869141

0.152344 0.866887
0.151744 0.867188

0.152344 0.86689
0.154297 0.865907

0.15625 0.864917
0.155621 0.865234

0.154297 0.865907
0.15563 0.865234

0.148438 0.868837
0.150391 0.867869

0.150391 0.867869
0.151753 0.867188

0.167969 0.859261
0.167714 0.859375

0.167969 0.859266
0.169922 0.858436

0.169922 0.858434
0.171875 0.857658

0.160156 0.862957
0.159506 0.863281

0.15625 0.86492
0.158203 0.863937

0.158203 0.863937
0.159518 0.863281

0.160156 0.86296
0.162109 0.862

0.164062 0.861053
0.16349 0.861328

0.162109 0.862
0.163506 0.861328

0.164062 0.861057
0.166016 0.860146

0.166016 0.860145
0.167733 0.859375

0.173828 0.856944
0.172511 0.857422

0.171875 0.857656
0.17252 0.857422

0.173828 0.856944
0.175781 0.856311

0.179688 0.855308
0.178988 0.855469

0.175781 0.856309
0.177734 0.855761

0.177734 0.855758
0.17899 0.855469

0.179688 0.855306
0.181641 0.854966

0.181641 0.854962
0.183594 0.854747

0.183594 0.854744
0.185547 0.854668

0.185547 0.854666
0.1875 0.854735

0.1875 0.854733
0.189453 0.854955

0.189453 0.854952
0.191406 0.855336

0.191406 0.855325
0.191904 0.855469

0.191877 0.855469
0.193359 0.855896

0.193359 0.855897
0.195312 0.856643

0.195312 0.856643
0.196958 0.857422

0.196967 0.857422
0.197266 0.857563

0.197266 0.857567
0.199219 0.858672

0.199219 0.858685
0.200271 0.859375

0.200312 0.859375
0.201172 0.859939

0.201172 0.859964
0.203029 0.861328

0.203033 0.861328
0.203125 0.861397

0.203125 0.861404
0.205078 0.862961

0.205078 0.862992
0.205425 0.863281

0.205457 0.863281
0.207031 0.86462

0.207031 0.864663
0.207682 0.865234

0.207713 0.865234
0.208984 0.866358

0.208984 0.866403
0.209853 0.867188

0.209879 0.867188
0.210938 0.868146

0.210938 0.868185
0.211989 0.869141

0.21201 0.869141
0.212891 0.869944

0.212891 0.869978
0.214131 0.871094

0.214144 0.871094
0.214844 0.871726

0.214844 0.871751
0.216298 0.873047

0.216309 0.873047
0.216797 0.873479

0.216797 0.873495
0.218526 0.875

0.125 0.878903
0.126953 0.878206

0.126953 0.878205
0.128906 0.877479

0.130859 0.876723
0.130264 0.876953

0.128906 0.877479
0.130267 0.876953

0.130859 0.876724
0.132812 0.875942

0.132812 0.875942
0.134766 0.875134

0.134766 0.875134
0.135079 0.875

0.218529 0.875
0.21875 0.87519

0.21875 0.875197
0.220703 0.876842

0.220703 0.876862
0.220814 0.876953

0.220844 0.876953
0.222656 0.878423

0.222656 0.878442
0.223255 0.878906

0.22328 0.878906
0.224609 0.879942

0.224609 0.879955
0.225822 0.880859

0.225826 0.880859
0.226562 0.881395

0.226562 0.881407
0.228516 0.882793

0.228516 0.882804
0.228529 0.882812

0.228547 0.882812
0.230469 0.884112

0.230469 0.884115
0.231479 0.884766

0.231487 0.884766
0.232422 0.885368

0.232422 0.88537
0.234375 0.886567

0.234375 0.886571
0.23463 0.886719

0.234638 0.886719
0.236328 0.887705

0.236328 0.887705
0.238069 0.888672

0.238071 0.888672
0.238281 0.888788

0.238281 0.888789
0.240234 0.889821

0.240234 0.889821
0.241833 0.890625

0.241834 0.890625
0.242188 0.890803

0.242188 0.890803
0.244141 0.891739

0.244141 0.891738
0.245976 0.892578

0.245979 0.892578
0.246094 0.89263

0.246094 0.892632
0.248047 0.893486

0.248047 0.893485
0.25 0.894303

0.25 0.894302
0.25057 0.894531

0.250567 0.894531
0.251953 0.895089

0.251953 0.895087
0.253906 0.895843

0.253906 0.895842
0.255625 0.896484

0.255626 0.896484
0.255859 0.896572

0.255859 0.896572
0.257812 0.897279

0.257812 0.897277
0.259766 0.897965

0.259766 0.897964
0.261144 0.898438

0.261141 0.898438
0.261719 0.898636

0.261719 0.898635
0.263672 0.899294

0.263672 0.899293
0.265625 0.899942

0.265625 0.899941
0.266991 0.900391

0.266987 0.900391
0.267578 0.900585

0.267578 0.900584
0.269531 0.901225

0.269531 0.901224
0.271484 0.901865

0.271484 0.901863
0.272941 0.902344

0.272937 0.902344
0.273438 0.902509

0.273438 0.902507
0.275391 0.903158

0.275391 0.903157
0.277344 0.903816

0.277344 0.903814
0.278752 0.904297

0.278747 0.904297
0.279297 0.904485

0.279297 0.904484
0.28125 0.905167

0.28125 0.905166
0.283203 0.905863

0.283203 0.905862
0.284268 0.90625

0.284262 0.90625
0.285156 0.906576

0.285156 0.906575
0.287109 0.907305

0.287109 0.907305
0.289062 0.908051

0.289062 0.908049
0.289456 0.908203

0.289449 0.908203
0.291016 0.908816

0.291016 0.908816
0.292969 0.909596

0.292969 0.909596
0.294342 0.910156

0.29434 0.910156
0.294922 0.910394

0.294922 0.910393
0.296875 0.911205

0.296875 0.911206
0.298828 0.912031

0.298828 0.912032
0.299009 0.912109

0.299012 0.912109
0.300781 0.912867

0.300781 0.912869
0.302734 0.913716

0.302734 0.913717
0.303525 0.914062

0.303529 0.914062
0.304688 0.914569

0.304688 0.914571
0.306641 0.915431

0.306641 0.915432
0.30796 0.916016

0.307963 0.916016
0.308594 0.916295

0.308594 0.916296
0.310547 0.917161

0.310547 0.917162
0.312369 0.917969

0.312371 0.917969
0.3125 0.918026

0.3125 0.918027
0.314453 0.918889

0.314453 0.91889
0.316406 0.919749

0.316406 0.919751
0.316796 0.919922

0.316804 0.919922
0.318359 0.920602

0.318359 0.920603
0.320312 0.92145

0.320312 0.921451
0.3213 0.921875

0.321304 0.921875
0.322266 0.922288

0.322266 0.922289
0.324219 0.923119

0.324219 0.92312
0.325904 0.923828

0.325905 0.923828
0.326172 0.92394

0.326172 0.923941
0.328125 0.924753

0.328125 0.924753
0.330078 0.925555

0.330078 0.925555
0.330635 0.925781

0.330637 0.925781
0.332031 0.926346

0.332031 0.926347
0.333984 0.927129

0.333984 0.927129
0.335515 0.927734

0.335516 0.927734
0.335938 0.927901

0.335938 0.927901
0.337891 0.928664

0.337891 0.928664
0.339844 0.929419

0.339844 0.929418
0.340548 0.929688

0.340548 0.929688
0.341797 0.930164

0.341797 0.930164
0.34375 0.930902

0.34375 0.930902
0.345703 0.931633

0.345703 0.931632
0.345727 0.931641

0.345725 0.931641
0.347656 0.932357

0.347656 0.932356
0.349609 0.933074

0.349609 0.933074
0.351034 0.933594

0.351033 0.933594
0.351562 0.933787

0.351562 0.933787
0.353516 0.934494

0.353516 0.934494
0.355469 0.935197

0.355469 0.935197
0.356445 0.935547

0.356444 0.935547
0.357422 0.935897

0.357422 0.935897
0.359375 0.936593

0.359375 0.936593
0.361328 0.937287

0.361328 0.937286
0.361933 0.9375

0.36193 0.9375
0.363281 0.937978

0.363281 0.937978
0.365234 0.938667

0.365234 0.938667
0.367188 0.939354

0.367188 0.939353
0.367474 0.939453

0.367471 0.939453
0.369141 0.940039

0.369141 0.940039
0.371094 0.940722

0.371094 0.940722
0.373047 0.941404

0.373047 0.941403
0.373056 0.941406

0.373053 0.941406
0.375 0.942084

0.375 0.942084
0.376953 0.942763

0.376953 0.942763
0.378675 0.943359

0.378675 0.943359
0.378906 0.943439

0.378906 0.943439
0.380859 0.944114

0.380859 0.944114
0.382812 0.944787

0.382812 0.944787
0.384345 0.945312

0.384345 0.945312
0.384766 0.945457

0.384766 0.945457
0.386719 0.946124

0.386719 0.946124
0.388672 0.946789

0.388672 0.946789
0.390078 0.947266

0.390078 0.947266
0.390625 0.947451

0.390625 0.947451
0.392578 0.94811

0.392578 0.94811
0.394531 0.948765

0.394531 0.948765
0.395891 0.949219

0.395891 0.949219
0.396484 0.949417

0.396484 0.949417
0.398438 0.950065

0.398438 0.950065
0.400391 0.950709

0.400391 0.950709
0.401803 0.951172

0.401803 0.951172
0.402344 0.951349

0.402344 0.951349
0.404297 0.951985

0.404297 0.951985
0.40625 0.952617

0.40625 0.952617
0.407829 0.953125

0.407829 0.953125
0.408203 0.953245

0.408203 0.953245
0.410156 0.953869

0.410156 0.953869
0.412109 0.954489

0.412109 0.954489
0.41398 0.955078

0.41398 0.955078
0.414062 0.955104

0.414062 0.955104
0.416016 0.955715

0.416016 0.955715
0.417969 0.956323

0.417969 0.956323
0.419922 0.956926

0.419922 0.956925
0.420267 0.957031

0.420266 0.957031
0.421875 0.957525

0.421875 0.957525
0.423828 0.95812

0.423828 0.95812
0.425781 0.958711

0.425781 0.958711
0.42669 0.958984

0.426689 0.958984
0.427734 0.959299

0.427734 0.959299
0.429688 0.959882

0.429688 0.959882
0.431641 0.960462

0.431641 0.960462
0.433252 0.960938

0.433252 0.960938
0.433594 0.961038

0.433594 0.961038
0.435547 0.961611

0.435547 0.961611
0.4375 0.96218

0.4375 0.96218
0.439453 0.962745

0.439453 0.962745
0.43996 0.962891

0.439959 0.962891
0.441406 0.963307

0.441406 0.963307
0.443359 0.963865

0.443359 0.963865
0.445312 0.96442

0.445312 0.96442
0.446816 0.964844

0.446815 0.964844
0.447266 0.964971

0.447266 0.964971
0.449219 0.965518

0.449219 0.965518
0.451172 0.966062

0.451172 0.966062
0.453125 0.966603

0.453125 0.966602
0.453833 0.966797

0.453831 0.966797
0.455078 0.96714

0.455078 0.967139
0.457031 0.967673

0.457031 0.967673
0.458984 0.968202

0.458984 0.968202
0.460938 0.968728

0.460938 0.968728
0.461021 0.96875

0.461019 0.96875
0.462891 0.96925

0.462891 0.96925
0.464844 0.969769

0.464844 0.969769
0.466797 0.970284

0.466797 0.970284
0.468398 0.970703

0.468398 0.970703
0.46875 0.970795

0.46875 0.970795
0.470703 0.971303

0.470703 0.971303
0.472656 0.971807

0.472656 0.971807
0.474609 0.972307

0.474609 0.972307
0.475985 0.972656

0.475984 0.972656
0.476562 0.972803

0.476562 0.972803
0.478516 0.973296

0.478516 0.973296
0.480469 0.973785

0.480469 0.973785
0.482422 0.97427

0.482422 0.97427
0.483799 0.974609

0.483798 0.974609
0.484375 0.974752

0.484375 0.974751
0.486328 0.975229

0.486328 0.975229
0.488281 0.975703

0.488281 0.975703
0.490234 0.976174

0.490234 0.976174
0.491862 0.976562

0.491861 0.976562
0.492188 0.97664

0.492188 0.97664
0.494141 0.977103

0.494141 0.977103
0.496094 0.977563

0.496094 0.977563
0.498047 0.978018

0.498047 0.978018
0.5 0.97847

0.5 0.978469
0.500201 0.978516

0.500199 0.978516
0.501953 0.978918

0.501953 0.978918
0.503906 0.979363

0.503906 0.979363
0.505859 0.979803

0.505859 0.979803
0.507812 0.980241

0.507812 0.98024
0.508841 0.980469

0.50884 0.980469
0.509766 0.980674

0.509766 0.980674
0.511719 0.981104

0.511719 0.981104
0.513672 0.98153

0.513672 0.98153
0.515625 0.981952

0.515625 0.981952
0.517578 0.982371

0.517578 0.98237
0.51782 0.982422

0.517818 0.982422
0.519531 0.982786

0.519531 0.982786
0.521484 0.983197

0.521484 0.983197
0.523438 0.983605

0.523438 0.983605
0.525391 0.984009

0.525391 0.984009
0.527177 0.984375

0.527177 0.984375
0.527344 0.984409

0.527344 0.984409
0.529297 0.984806

0.529297 0.984806
0.53125 0.985199

0.53125 0.985199
0.533203 0.985588

0.533203 0.985588
0.535156 0.985974

0.535156 0.985974
0.53697 0.986328

0.536969 0.986328
0.537109 0.986355

0.537109 0.986355
0.539062 0.986734

0.539062 0.986734
0.541016 0.987108

0.541016 0.987108
0.542969 0.987479

0.542969 0.987479
0.544922 0.987846

0.544922 0.987846
0.546875 0.98821

0.546875 0.988209
0.547265 0.988281

0.547263 0.988281
0.548828 0.98857

0.548828 0.98857
0.550781 0.988926

0.550781 0.988926
0.552734 0.989278

0.552734 0.989278
0.554688 0.989627

0.554688 0.989627
0.556641 0.989972

0.556641 0.989972
0.558141 0.990234

0.55814 0.990234
0.558594 0.990314

0.558594 0.990314
0.560547 0.990651

0.560547 0.990651
0.5625 0.990985

0.5625 0.990985
0.564453 0.991316

0.564453 0.991316
0.566406 0.991643

0.566406 0.991643
0.568359 0.991966

0.568359 0.991966
0.569716 0.992188

0.569715 0.992188
0.570312 0.992285

0.570312 0.992285
0.572266 0.992601

0.572266 0.992601
0.574219 0.992913

0.574219 0.992913
0.576172 0.993221

0.576172 0.993221
0.578125 0.993526

0.578125 0.993526
0.580078 0.993827

0.580078 0.993827
0.582031 0.994125

0.582031 0.994124
0.58214 0.994141

0.582136 0.994141
0.583984 0.994419

0.583984 0.994419
0.585938 0.994709

0.585938 0.994709
0.587891 0.994995

0.587891 0.994995
0.589844 0.995278

0.589844 0.995278
0.591797 0.995557

0.591797 0.995557
0.59375 0.995833

0.59375 0.995833
0.595626 0.996094

0.595626 0.996094
0.595703 0.996104

0.595703 0.996105
0.597656 0.996373

0.597656 0.996373
0.599609 0.996637

0.599609 0.996637
0.601562 0.996898

0.601562 0.996898
0.603516 0.997155

0.603516 0.997155
0.605469 0.997409

0.605469 0.997409
0.607422 0.997659

0.607422 0.997659
0.609375 0.997905

0.609375 0.997905
0.610518 0.998047

0.610517 0.998047
0.611328 0.998148

0.611328 0.998148
0.613281 0.998386

0.613281 0.998386
0.615234 0.998622

0.615234 0.998622
0.617188 0.998853

0.617188 0.998853
0.619141 0.999081

0.619141 0.999081
0.621094 0.999306

0.621094 0.999306
0.623047 0.999526

0.623047 0.999526
0.625 0.999743

0.625 0.999743
0.626953 0.999956

0.626953 0.999956
0.627362 1

0.853516 0.999849
0.852137 1

0.853516 0.999849
0.855469 0.999631

0.855469 0.999631
0.857422 0.99941

0.857422 0.99941
0.859375 0.999185

0.859375 0.999185
0.861328 0.998956

0.861328 0.998956
0.863281 0.998724

0.863281 0.998724
0.865234 0.998487

0.865234 0.998487
0.867188 0.998247

0.869141 0.998003
0.86879 0.998047

0.867188 0.998247
0.868788 0.998047

0.869141 0.998003
0.871094 0.997755

0.871094 0.997755
0.873047 0.997503

0.873047 0.997503
0.875 0.997248

0.875 0.997248
0.876953 0.996989

0.876953 0.996989
0.878906 0.996726

0.878906 0.996726
0.880859 0.996459

0.880859 0.996459
0.882812 0.996188

0.884766 0.995914
0.883484 0.996094

0.884766 0.995913
0.886719 0.995635

0.882812 0.996187
0.883478 0.996094

0.886719 0.995635
0.888672 0.995353

0.888672 0.995353
0.890625 0.995067

0.890625 0.995067
0.892578 0.994777

0.892578 0.994777
0.894531 0.994483

0.894531 0.994483
0.896484 0.994185

0.898438 0.993884
0.896774 0.994141

0.896484 0.994184
0.896768 0.994141

0.898438 0.993884
0.900391 0.993578

0.900391 0.993578
0.902344 0.993269

0.902344 0.993269
0.904297 0.992956

0.904297 0.992956
0.90625 0.992639

0.910156 0.991994
0.908991 0.992188

0.910156 0.991994
0.912109 0.991665

0.912109 0.991665
0.914062 0.991332

0.90625 0.992639
0.908203 0.992318

0.908203 0.992318
0.908987 0.992188

0.914062 0.991332
0.916016 0.990996

0.916016 0.990996
0.917969 0.990656

0.917969 0.990656
0.919922 0.990311

0.921875 0.989964
0.920356 0.990234

0.919922 0.990311
0.92035 0.990234

0.921875 0.989963
0.923828 0.989611

0.923828 0.989611
0.925781 0.989255

0.925781 0.989255
0.927734 0.988896

0.927734 0.988896
0.929688 0.988532

0.931641 0.988164
0.931019 0.988281

0.931641 0.988164
0.933594 0.987792

0.929688 0.988532
0.931017 0.988281

0.933594 0.987792
0.935547 0.987417

0.935547 0.987417
0.9375 0.987037

0.951172 0.984269
0.950665 0.984375

0.951172 0.984269
0.953125 0.983858

0.9375 0.987037
0.939453 0.986654

0.941406 0.986266
0.941094 0.986328

0.939453 0.986654
0.941094 0.986328

0.941406 0.986266
0.943359 0.985875

0.943359 0.985875
0.945312 0.985479

0.945312 0.985479
0.947266 0.98508

0.947266 0.98508
0.949219 0.984676

0.949219 0.984676
0.950663 0.984375

0.953125 0.983858
0.955078 0.983442

0.955078 0.983442
0.957031 0.983023

0.957031 0.983023
0.958984 0.982599

0.960938 0.982172
0.959798 0.982422

0.958984 0.982599
0.959794 0.982422

0.960938 0.982172
0.962891 0.981741

0.962891 0.981741
0.964844 0.981305

0.96875 0.980422
0.968545 0.980469

0.964844 0.981305
0.966797 0.980866

0.966797 0.980866
0.968545 0.980469

0.96875 0.980422
0.970703 0.979975

0.970703 0.979975
0.972656 0.979523

0.972656 0.979523
0.974609 0.979067

0.974609 0.979067
0.976562 0.978608

0.978516 0.978144
0.976951 0.978516

0.976562 0.978607
0.976946 0.978516

0.978516 0.978144
0.980469 0.977676

0.980469 0.977676
0.982422 0.977204

0.982422 0.977204
0.984375 0.976728

0.986328 0.976248
0.985049 0.976562

0.986328 0.976248
0.988281 0.975763

0.988281 0.975763
0.990234 0.975275

0.990234 0.975275
0.992188 0.974783

0.984375 0.976727
0.985045 0.976562

0.994141 0.974286
0.99287 0.974609

0.992188 0.974782
0.992867 0.974609

0.994141 0.974286
0.996094 0.973785

0.996094 0.973785
0.998047 0.97328

0.998047 0.97328
1 0.972771

0.627358 1
0.628906 1.00017

0.628906 1.00017
0.630859 1.00037

0.630859 1.00037
0.632812 1.00057

0.632812 1.00057
0.634766 1.00077

0.634766 1.00077
0.636719 1.00097

0.636719 1.00097
0.638672 1.00116

0.638672 1.00116
0.640625 1.00135

0.640625 1.00135
0.642578 1.00153

0.642578 1.00153
0.644531 1.00171

0.644531 1.00171
0.646484 1.00189

0.646484 1.00189
0.647215 1.00195

0.647212 1.00195
0.648438 1.00206

0.648438 1.00206
0.650391 1.00223

0.650391 1.00223
0.652344 1.0024

0.652344 1.0024
0.654297 1.00256

0.654297 1.00256
0.65625 1.00272

0.65625 1.00272
0.658203 1.00287

0.658203 1.00287
0.660156 1.00302

0.660156 1.00302
0.662109 1.00317

0.662109 1.00317
0.664062 1.00332

0.664062 1.00332
0.666016 1.00346

0.666016 1.00346
0.667969 1.00359

0.667969 1.00359
0.669922 1.00372

0.669922 1.00372
0.671875 1.00385

0.671875 1.00385
0.672686 1.00391

0.672682 1.00391
0.673828 1.00398

0.673828 1.00398
0.675781 1.0041

0.675781 1.0041
0.677734 1.00422

0.677734 1.00422
0.679688 1.00433

0.679688 1.00433
0.681641 1.00445

0.681641 1.00445
0.683594 1.00455

0.683594 1.00455
0.685547 1.00466

0.685547 1.00466
0.6875 1.00476

0.6875 1.00476
0.689453 1.00485

0.689453 1.00485
0.691406 1.00495

0.691406 1.00495
0.693359 1.00504

0.693359 1.00504
0.695312 1.00512

0.695312 1.00512
0.697266 1.0052

0.697266 1.0052
0.699219 1.00528

0.699219 1.00528
0.701172 1.00536

0.701172 1.00536
0.703125 1.00543

0.703125 1.00543
0.705078 1.00549

0.705078 1.00549
0.707031 1.00556

0.707031 1.00556
0.708984 1.00562

0.708984 1.00562
0.710938 1.00567

0.710938 1.00567
0.712891 1.00573

0.712891 1.00573
0.714844 1.00578

0.714844 1.00578
0.716797 1.00582

0.716797 1.00582
0.718571 1.00586

0.718571 1.00586
0.71875 1.00586

0.71875 1.00586
0.720703 1.0059

0.720703 1.0059
0.722656 1.00594

0.722656 1.00594
0.724609 1.00597

0.724609 1.00597
0.726562 1.00599

0.726562 1.00599
0.728516 1.00602

0.728516 1.00602
0.730469 1.00604

0.730469 1.00604
0.732422 1.00605

0.732422 1.00605
0.734375 1.00606

0.734375 1.00606
0.736328 1.00607

0.736328 1.00607
0.738281 1.00608

0.738281 1.00608
0.740234 1.00608

0.740234 1.00608
0.742188 1.00608

0.742188 1.00608
0.744141 1.00607

0.744141 1.00607
0.746094 1.00606

0.746094 1.00606
0.748047 1.00605

0.748047 1.00605
0.75 1.00603

0.75 1.00603
0.751953 1.00601

0.751953 1.00601
0.753906 1.00599

0.753906 1.00599
0.755859 1.00596

0.755859 1.00596
0.757812 1.00593

0.757812 1.00593
0.759766 1.00589

0.761719 1.00585
0.761459 1.00586

0.759766 1.00589
0.761445 1.00586

0.761719 1.00585
0.763672 1.00581

0.763672 1.00581
0.765625 1.00577

0.765625 1.00577
0.767578 1.00572

0.767578 1.00572
0.769531 1.00566

0.769531 1.00566
0.771484 1.0056

0.771484 1.0056
0.773438 1.00554

0.773438 1.00554
0.775391 1.00548

0.775391 1.00548
0.777344 1.00541

0.777344 1.00541
0.779297 1.00534

0.779297 1.00534
0.78125 1.00526

0.78125 1.00526
0.783203 1.00518

0.783203 1.00518
0.785156 1.0051

0.785156 1.0051
0.787109 1.00501

0.787109 1.00501
0.789062 1.00492

0.789062 1.00492
0.791016 1.00483

0.791016 1.00483
0.792969 1.00473

0.792969 1.00473
0.794922 1.00463

0.794922 1.00463
0.796875 1.00452

0.796875 1.00452
0.798828 1.00441

0.798828 1.00441
0.800781 1.0043

0.800781 1.0043
0.802734 1.00419

0.802734 1.00419
0.804688 1.00406

0.808594 1.00381
0.807176 1.00391

0.804688 1.00406
0.806641 1.00394

0.806641 1.00394
0.807167 1.00391

0.808594 1.00381
0.810547 1.00368

0.810547 1.00368
0.8125 1.00355

0.8125 1.00355
0.814453 1.00341

0.814453 1.00341
0.816406 1.00327

0.816406 1.00327
0.818359 1.00312

0.818359 1.00312
0.820312 1.00297

0.820312 1.00297
0.822266 1.00282

0.822266 1.00282
0.824219 1.00266

0.824219 1.00266
0.826172 1.0025

0.826172 1.0025
0.828125 1.00233

0.828125 1.00233
0.830078 1.00216

0.830078 1.00216
0.832031 1.00199

0.833984 1.00182
0.832467 1.00195

0.832031 1.00199
0.832458 1.00195

0.833984 1.00182
0.835938 1.00164

0.835938 1.00164
0.837891 1.00145

0.837891 1.00145
0.839844 1.00127

0.839844 1.00127
0.841797 1.00107

0.841797 1.00107
0.84375 1.00088

0.84375 1.00088
0.845703 1.00068

0.845703 1.00068
0.847656 1.00048

0.847656 1.00048
0.849609 1.00027

0.849609 1.00027
0.851562 1.00006

0.851562 1.00006
0.852128 1

1.01562 0.96855
1.0149 0.96875

1.01562 0.968549
1.01758 0.968003

1.01758 0.968003
1.01953 0.967452

1.01953 0.967452
1.02148 0.966897

1.02344 0.966338
1.02184 0.966797

1.02148 0.966896
1.02183 0.966797

1.02344 0.966338
1.02539 0.965774

1.02539 0.965774
1.02734 0.965207

1.0293 0.964635
1.02858 0.964844

1.0293 0.964635
1.03125 0.964058

1.02734 0.965207
1.02858 0.964844

1.00195 0.972259
1.00044 0.972656

1.00195 0.972258
1.00391 0.971741

1 0.972771
1.00044 0.972656

1.00391 0.971741
1.00586 0.971219

1.00781 0.970694
1.00778 0.970703

1.00586 0.971219
1.00778 0.970703

1.00781 0.970694
1.00977 0.970164

1.00977 0.970164
1.01172 0.96963

1.01172 0.96963
1.01367 0.969092

1.01367 0.969092
1.0149 0.96875

1.03125 0.964058
1.0332 0.963478

1.0332 0.963478
1.03516 0.962893

1.03711 0.962304
1.03516 0.962891

1.03516 0.962893
1.03516 0.962891

1.03711 0.962304
1.03906 0.961711

1.04297 0.960511
1.04159 0.960938

1.04297 0.960511
1.04492 0.959905

1.04492 0.959905
1.04688 0.959294

1.03906 0.961711
1.04102 0.961113

1.04102 0.961112
1.04158 0.960938

1.04883 0.95868
1.04786 0.958984

1.04688 0.959294
1.04786 0.958984

1.04883 0.958679
1.05078 0.95806

1.05469 0.956809
1.054 0.957031

1.05078 0.95806
1.05273 0.957436

1.05273 0.957436
1.05399 0.957031

1.05469 0.956808
1.05664 0.956176

1.05664 0.956176
1.05859 0.955539

1.06055 0.954898
1.06 0.955078

1.05859 0.955539
1.06 0.955078

1.06055 0.954898
1.0625 0.954253

1.10938 0.937416
1.10916 0.9375

1.10938 0.937415
1.11133 0.936657

1.11133 0.936657
1.11328 0.935893

1.11523 0.935126
1.11416 0.935547

1.11328 0.935893
1.11416 0.935547

1.11523 0.935125
1.11719 0.934353

1.11914 0.933575
1.11909 0.933594

1.11914 0.933575
1.12109 0.932793

1.11719 0.934352
1.11909 0.933594

1.12109 0.932793
1.12305 0.932006

1.125 0.931215
1.12395 0.931641

1.12305 0.932006
1.12395 0.931641

1.06641 0.952949
1.06588 0.953125

1.06641 0.952948
1.06836 0.95229

1.06836 0.95229
1.07031 0.951626

1.07227 0.950959
1.07164 0.951172

1.07031 0.951626
1.07164 0.951172

1.07227 0.950959
1.07422 0.950287

1.07812 0.948929
1.0773 0.949219

1.07422 0.950287
1.07617 0.94961

1.07617 0.94961
1.07729 0.949219

1.0625 0.954253
1.06445 0.953603

1.06445 0.953603
1.06588 0.953125

1.07812 0.948929
1.08008 0.948244

1.08008 0.948243
1.08203 0.947553

1.08398 0.946859
1.08284 0.947266

1.08203 0.947553
1.08284 0.947266

1.08398 0.946859
1.08594 0.94616

1.08984 0.944748
1.08829 0.945312

1.08984 0.944748
1.0918 0.944036

1.09375 0.943318
1.09364 0.943359

1.0918 0.944036
1.09364 0.943359

1.08594 0.94616
1.08789 0.945456

1.08789 0.945455
1.08828 0.945312

1.09375 0.943318
1.0957 0.942597

1.0957 0.942597
1.09766 0.94187

1.09961 0.94114
1.0989 0.941406

1.09961 0.941139
1.10156 0.940404

1.09766 0.94187
1.0989 0.941406

1.10156 0.940404
1.10352 0.939664

1.10547 0.938919
1.10407 0.939453

1.10352 0.939663
1.10407 0.939453

1.10547 0.938919
1.10742 0.938169

1.10742 0.938169
1.10916 0.9375

1.24219 0.874512
1.24132 0.875

1.24219 0.874512
1.24414 0.873403

1.24609 0.872289
1.24477 0.873047

1.24414 0.873402
1.24476 0.873047

1.25 0.870043
1.24818 0.871094

1.24609 0.872288
1.24805 0.871168

1.24805 0.871167
1.24817 0.871094

1.12891 0.929617
1.12873 0.929688

1.12891 0.929617
1.13086 0.928811

1.13086 0.928811
1.13281 0.928

1.125 0.931214
1.12695 0.930418

1.12695 0.930418
1.12873 0.929688

1.13477 0.927185
1.13345 0.927734

1.13281 0.928
1.13345 0.927734

1.13477 0.927185
1.13672 0.926365

1.13867 0.92554
1.1381 0.925781

1.13867 0.925539
1.14062 0.924709

1.13672 0.926364
1.1381 0.925781

1.14844 0.921341
1.14721 0.921875

1.14844 0.921341
1.15039 0.920486

1.15234 0.919627
1.15167 0.919922

1.15039 0.920486
1.15167 0.919922

1.15625 0.917894
1.15608 0.917969

1.15234 0.919627
1.1543 0.918763

1.1543 0.918763
1.15608 0.917969

1.14062 0.924709
1.14258 0.923875

1.14453 0.923035
1.14269 0.923828

1.14258 0.923873
1.14268 0.923828

1.14453 0.923035
1.14648 0.92219

1.14648 0.92219
1.14721 0.921875

1.18164 0.906137
1.18141 0.90625

1.18164 0.906137
1.18359 0.905197

1.18555 0.904252
1.18545 0.904297

1.18359 0.905197
1.18545 0.904297

1.18555 0.904252
1.1875 0.903302

1.15625 0.917894
1.1582 0.91702

1.1582 0.91702
1.16016 0.91614

1.16211 0.915257
1.16043 0.916016

1.16016 0.916139
1.16043 0.916016

1.16211 0.915256
1.16406 0.914367

1.16602 0.913473
1.16473 0.914062

1.16602 0.913473
1.16797 0.912574

1.16992 0.91167
1.16897 0.912109

1.16797 0.912573
1.16897 0.912109

1.16992 0.91167
1.17188 0.91076

1.16406 0.914367
1.16473 0.914062

1.17383 0.909846
1.17317 0.910156

1.17383 0.909846
1.17578 0.908926

1.17188 0.91076
1.17316 0.910156

1.17773 0.908002
1.17731 0.908203

1.17578 0.908926
1.17731 0.908203

1.17773 0.908002
1.17969 0.907072

1.17969 0.907072
1.18141 0.90625

1.19141 0.901385
1.18946 0.902344

1.1875 0.903302
1.18945 0.902346

1.18945 0.902346
1.18946 0.902344

1.19141 0.901385
1.19336 0.900419

1.19531 0.899448
1.19342 0.900391

1.19336 0.900418
1.19341 0.900391

1.19922 0.897489
1.19733 0.898438

1.19922 0.897489
1.20117 0.896502

1.20312 0.89551
1.20121 0.896484

1.20117 0.896501
1.2012 0.896484

1.19531 0.899448
1.19727 0.898471

1.19727 0.89847
1.19733 0.898438

1.21289 0.890467
1.21259 0.890625

1.21289 0.890466
1.21484 0.889442

1.2168 0.888412
1.2163 0.888672

1.21484 0.889442
1.2163 0.888672

1.2168 0.888411
1.21875 0.887376

1.20508 0.894512
1.20504 0.894531

1.20508 0.894512
1.20703 0.893509

1.20312 0.89551
1.20504 0.894531

1.20898 0.8925
1.20883 0.892578

1.20703 0.893509
1.20883 0.892578

1.20898 0.8925
1.21094 0.891486

1.21094 0.891486
1.21259 0.890625

1.2207 0.886335
1.21998 0.886719

1.2207 0.886334
1.22266 0.885287

1.21875 0.887375
1.21998 0.886719

1.22461 0.884236
1.22363 0.884766

1.22266 0.885287
1.22362 0.884766

1.22461 0.884235
1.22656 0.883177

1.22852 0.882114
1.22723 0.882812

1.22852 0.882114
1.23047 0.881045

1.23438 0.87889
1.23435 0.878906

1.23242 0.87997
1.23081 0.880859

1.23047 0.881044
1.2308 0.880859

1.23242 0.87997
1.23435 0.878906

1.22656 0.883177
1.22723 0.882812

1.23438 0.87889
1.23633 0.877804

1.23828 0.876713
1.23785 0.876953

1.23633 0.877804
1.23785 0.876953

1.23828 0.876712
1.24023 0.875615

1.24023 0.875615
1.24132 0.875

1.41797 0.748326
1.41609 0.75

1.42188 0.744815
1.42045 0.746094

1.41992 0.746573
1.41828 0.748047

1.41797 0.748329
1.41828 0.748047

1.41992 0.746575
1.42046 0.746094

1.43359 0.734042
1.43324 0.734375

1.4375 0.730376
1.4374 0.730469

1.43555 0.732214
1.43533 0.732422

1.43359 0.734042
1.43533 0.732422

1.43555 0.732214
1.4374 0.730469

1.42578 0.741262
1.42476 0.742188

1.42969 0.737671
1.42902 0.738281

1.42773 0.739471
1.4269 0.740234

1.42578 0.741256
1.42691 0.740234

1.42773 0.739463
1.42903 0.738281

1.42383 0.743045
1.42261 0.744141

1.42188 0.744812
1.42262 0.744141

1.42383 0.743039
1.42477 0.742188

1.43164 0.735861
1.43114 0.736328

1.42969 0.737665
1.43114 0.736328

1.43164 0.735859
1.43324 0.734375

1.48047 0.687303
1.48028 0.6875

1.48438 0.683119
1.48394 0.683594

1.48242 0.685217
1.48211 0.685547

1.48047 0.687303
1.48211 0.685547

1.48242 0.685219
1.48393 0.683594

1.49609 0.670275
1.49466 0.671875

1.5 0.665893
1.49989 0.666016

1.49989 0.666016
1.49816 0.667969

1.49805 0.668091
1.49641 0.669922

1.49609 0.67027
1.49641 0.669922

1.49805 0.668085
1.49815 0.667969

1.48828 0.678888
1.48755 0.679688

1.49219 0.674601
1.49113 0.675781

1.49023 0.676752
1.48934 0.677734

1.48828 0.678891
1.48933 0.677734

1.49023 0.676754
1.49111 0.675781

1.48633 0.68101
1.48575 0.681641

1.48438 0.683124
1.48574 0.681641

1.48633 0.681016
1.48754 0.679688

1.49414 0.672443
1.4929 0.673828

1.49219 0.674604
1.49289 0.673828

1.49414 0.672443
1.49465 0.671875

1.45117 0.717232
1.44961 0.71875

1.45312 0.715312
1.45161 0.716797

1.45117 0.717229
1.45161 0.716797

1.4668 0.701576
1.46529 0.703125

1.46875 0.699569
1.4672 0.701172

1.4668 0.701576
1.46719 0.701172

1.45898 0.70949
1.45754 0.710938

1.46094 0.707528
1.45949 0.708984

1.45898 0.709489
1.45949 0.708984

1.45508 0.713382
1.4536 0.714844

1.45703 0.711441
1.45557 0.712891

1.45508 0.71338
1.45557 0.712891

1.45312 0.71531
1.4536 0.714844

1.45703 0.71144
1.45754 0.710938

1.46289 0.705555
1.46143 0.707031

1.46484 0.703571
1.46337 0.705078

1.46289 0.705554
1.46336 0.705078

1.46094 0.707527
1.46143 0.707031

1.46484 0.703571
1.46528 0.703125

1.44336 0.724802
1.44152 0.726562

1.44531 0.722925
1.44356 0.724609

1.44336 0.724803
1.44356 0.724609

1.4375 0.730376
1.43945 0.728528

1.44141 0.72667
1.43947 0.728516

1.43945 0.728529
1.43947 0.728516

1.44141 0.726671
1.44152 0.726562

1.44727 0.721038
1.44559 0.722656

1.44922 0.719142
1.4476 0.720703

1.44727 0.721037
1.44761 0.720703

1.44531 0.722925
1.44559 0.722656

1.44922 0.719138
1.44962 0.71875

1.47461 0.69349
1.47286 0.695312

1.47656 0.69144
1.47473 0.693359

1.47461 0.693487
1.47473 0.693359

1.4707 0.697555
1.4691 0.699219

1.47266 0.695529
1.47099 0.697266

1.4707 0.697554
1.47098 0.697266

1.46875 0.699571
1.46909 0.699219

1.47266 0.695526
1.47286 0.695312

1.47852 0.689377
1.47844 0.689453

1.47844 0.689453
1.47659 0.691406

1.47852 0.689377
1.48028 0.6875

1.47656 0.691436
1.47659 0.691406

1.25586 0.866629
1.25491 0.867188

1.25586 0.866629
1.25781 0.865479

1.25195 0.868911
1.25156 0.869141

1.25 0.870042
1.25156 0.869141

1.25195 0.86891
1.25391 0.867772

1.25391 0.867772
1.2549 0.867188

1.26172 0.863163
1.26152 0.863281

1.25977 0.864324
1.25823 0.865234

1.25781 0.865478
1.25823 0.865234

1.25977 0.864324
1.26152 0.863281

1.26172 0.863162
1.26367 0.861995

1.26562 0.860822
1.26478 0.861328

1.26367 0.861995
1.26478 0.861328

1.26953 0.858457
1.26802 0.859375

1.27148 0.857267
1.27123 0.857422

1.26953 0.858457
1.27123 0.857422

1.27148 0.857265
1.27344 0.856068

1.28125 0.851217
1.2807 0.851562

1.27539 0.854865
1.27441 0.855469

1.27539 0.854864
1.27734 0.853654

1.27344 0.856067
1.27441 0.855469

1.2793 0.852439
1.27757 0.853516

1.27734 0.853652
1.27757 0.853516

1.2793 0.852438
1.2807 0.851562

1.26562 0.860821
1.26758 0.859642

1.26758 0.859641
1.26802 0.859375

1.29492 0.842485
1.29297 0.84375

1.29688 0.841213
1.29598 0.841797

1.29492 0.842485
1.29598 0.841797

1.30078 0.838648
1.29896 0.839844

1.29688 0.841213
1.29883 0.839934

1.29883 0.839934
1.29897 0.839844

1.30273 0.837357
1.30193 0.837891

1.30078 0.838648
1.30193 0.837891

1.30273 0.837356
1.30469 0.836057

1.30664 0.834752
1.30487 0.835938

1.30859 0.833441
1.30778 0.833984

1.30664 0.834752
1.30778 0.833984

1.3125 0.830797
1.31068 0.832031

1.30859 0.83344
1.31055 0.832122

1.31055 0.832123
1.31068 0.832031

1.30469 0.836057
1.30487 0.835938

1.28125 0.851216
1.2832 0.849988

1.28516 0.848754
1.2838 0.849609

1.2832 0.849986
1.2838 0.849609

1.28711 0.847514
1.28688 0.847656

1.28711 0.847512
1.28906 0.846265

1.28516 0.848753
1.28688 0.847656

1.29102 0.845012
1.28994 0.845703

1.28906 0.846265
1.28994 0.845703

1.29102 0.845012
1.29297 0.843752

1.33984 0.811531
1.33851 0.8125

1.3418 0.810107
1.34118 0.810547

1.33984 0.811531
1.34119 0.810547

1.3418 0.810102
1.34375 0.808666

1.34961 0.804318
1.34911 0.804688

1.34961 0.804315
1.35156 0.802849

1.3457 0.807222
1.34385 0.808594

1.34766 0.805774
1.34649 0.806641

1.3457 0.807218
1.34649 0.806641

1.34375 0.808668
1.34385 0.808594

1.34766 0.805773
1.34911 0.804688

1.35547 0.799899
1.3543 0.800781

1.35352 0.801376
1.35171 0.802734

1.35156 0.802851
1.35172 0.802734

1.35352 0.801371
1.35431 0.800781

1.35742 0.798413
1.35687 0.798828

1.35547 0.799897
1.35687 0.798828

1.35742 0.79841
1.35938 0.796914

1.36133 0.795411
1.35942 0.796875

1.36328 0.793902
1.36196 0.794922

1.36133 0.795409
1.36197 0.794922

1.36523 0.792389
1.36448 0.792969

1.36719 0.790858
1.36698 0.791016

1.36523 0.792384
1.36699 0.791016

1.36328 0.793901
1.36448 0.792969

1.37109 0.787783
1.36947 0.789062

1.375 0.784681
1.3744 0.785156

1.37305 0.786239
1.37194 0.787109

1.37109 0.787778
1.37195 0.787109

1.37305 0.786235
1.3744 0.785156

1.36719 0.790858
1.36914 0.789324

1.36914 0.789325
1.36948 0.789062

1.35938 0.796916
1.35943 0.796875

1.31836 0.826781
1.31641 0.828125

1.32031 0.825431
1.31924 0.826172

1.31836 0.82678
1.31924 0.826172

1.32812 0.819958
1.32761 0.820312

1.32227 0.824072
1.32205 0.824219

1.32227 0.824071
1.32422 0.822705

1.32031 0.82543
1.32205 0.824219

1.32617 0.821334
1.32485 0.822266

1.32422 0.822702
1.32485 0.822266

1.32617 0.821333
1.32762 0.820312

1.31445 0.829466
1.31355 0.830078

1.3125 0.830797
1.31355 0.830078

1.31445 0.829466
1.31641 0.828127

1.31641 0.828128
1.31641 0.828125

1.32812 0.819953
1.33008 0.818567

1.33203 0.817174
1.33037 0.818359

1.33008 0.818567
1.33037 0.818359

1.33398 0.815776
1.3331 0.816406

1.33594 0.814366
1.33582 0.814453

1.33398 0.815774
1.33582 0.814453

1.33203 0.817174
1.3331 0.816406

1.33594 0.814366
1.33789 0.812952

1.33789 0.812947
1.33852 0.8125

1.38086 0.779958
1.37926 0.78125

1.38281 0.778375
1.38167 0.779297

1.38086 0.779955
1.38168 0.779297

1.39062 0.771931
1.38881 0.773438

1.38477 0.776777
1.38407 0.777344

1.38672 0.775168
1.38645 0.775391

1.38477 0.776773
1.38645 0.775391

1.38281 0.778368
1.38407 0.777344

1.38672 0.775168
1.38867 0.773554

1.38867 0.773557
1.38882 0.773438

1.39844 0.765361
1.39813 0.765625

1.39844 0.765361
1.40039 0.763697

1.40234 0.762024
1.40042 0.763672

1.40039 0.7637
1.40042 0.763672

1.4043 0.760342
1.4027 0.761719

1.40625 0.758657
1.40496 0.759766

1.4043 0.760343
1.40497 0.759766

1.40234 0.762027
1.4027 0.761719

1.39453 0.768672
1.39349 0.769531

1.39258 0.770303
1.39116 0.771484

1.39062 0.771933
1.39117 0.771484

1.39258 0.770298
1.39351 0.769531

1.39648 0.767019
1.39582 0.767578

1.39453 0.768661
1.39582 0.767578

1.39648 0.767017
1.39813 0.765625

1.37695 0.783112
1.37684 0.783203

1.375 0.784678
1.37684 0.783203

1.37695 0.783112
1.37891 0.781539

1.37891 0.781541
1.37927 0.78125

1.4082 0.756959
1.40721 0.757812

1.41016 0.755249
1.40945 0.755859

1.4082 0.756948
1.40946 0.755859

1.41211 0.753531
1.41168 0.753906

1.41406 0.751804
1.41389 0.751953

1.41211 0.75353
1.41389 0.751953

1.41016 0.755245
1.41168 0.753906

1.40625 0.75865
1.40723 0.757812

1.41406 0.751805
1.41602 0.75007

1.41602 0.750073
1.4161 0.75

1.75 0.072239
1.75 0.0722656

1.75 0.0722656
1.74986 0.0742188

1.74986 0.0742188
1.74971 0.0761719

1.74971 0.0761719
1.74956 0.078125

1.74956 0.078125
1.7494 0.0800781

1.7494 0.0800781
1.74925 0.0820312

1.74925 0.0820312
1.74908 0.0839844

1.74908 0.0839844
1.74892 0.0859375

1.74892 0.0859375
1.74875 0.0878906

1.74875 0.0878906
1.74857 0.0898438

1.74857 0.0898438
1.7484 0.0917969

1.7484 0.0917969
1.74822 0.09375

1.74805 0.0955306
1.74803 0.0957031

1.74803 0.0957031
1.74784 0.0976562

1.74805 0.0955307
1.74822 0.09375

1.74784 0.0976562
1.74765 0.0996094

1.74765 0.0996094
1.74745 0.101562

1.74745 0.101562
1.74725 0.103516

1.74725 0.103516
1.74705 0.105469

1.74705 0.105469
1.74684 0.107422

1.74684 0.107422
1.74663 0.109375

1.74609 0.114135
1.74597 0.115234

1.74597 0.115234
1.74574 0.117188

1.74663 0.109375
1.74641 0.111328

1.74641 0.111328
1.74619 0.113281

1.74609 0.114135
1.74619 0.113281

1.74574 0.117188
1.74551 0.119141

1.74551 0.119141
1.74527 0.121094

1.74527 0.121094
1.74503 0.123047

1.74503 0.123047
1.74479 0.125

1.74479 0.125
1.74454 0.126953

1.74454 0.126953
1.74429 0.128906

1.74414 0.130077
1.74404 0.130859

1.74404 0.130859
1.74378 0.132812

1.74414 0.130077
1.74429 0.128906

1.74378 0.132812
1.74352 0.134766

1.74352 0.134766
1.74325 0.136719

1.74325 0.136719
1.74298 0.138672

1.74298 0.138672
1.74271 0.140625

1.74219 0.144244
1.74215 0.144531

1.74215 0.144531
1.74186 0.146484

1.74186 0.146484
1.74157 0.148438

1.74157 0.148438
1.74128 0.150391

1.74128 0.150391
1.74098 0.152344

1.74098 0.152344
1.74068 0.154297

1.74068 0.154297
1.74037 0.15625

1.74271 0.140625
1.74243 0.142578

1.74219 0.144244
1.74243 0.142578

1.74023 0.15711
1.74006 0.158203

1.74006 0.158203
1.73975 0.160156

1.74023 0.15711
1.74037 0.15625

1.73975 0.160156
1.73943 0.162109

1.73943 0.162109
1.73911 0.164062

1.73828 0.168979
1.73812 0.169922

1.73812 0.169922
1.73778 0.171875

1.73911 0.164062
1.73878 0.166016

1.73878 0.166016
1.73845 0.167969

1.73828 0.168979
1.73845 0.167969

1.73778 0.171875
1.73744 0.173828

1.73744 0.173828
1.7371 0.175781

1.7371 0.175781
1.73675 0.177734

1.73675 0.177734
1.73639 0.179688

1.73633 0.180047
1.73604 0.181641

1.73604 0.181641
1.73568 0.183594

1.73633 0.180047
1.73639 0.179688

1.73568 0.183594
1.73531 0.185547

1.73531 0.185547
1.73494 0.1875

1.73438 0.19045
1.73419 0.191406

1.73419 0.191406
1.73381 0.193359

1.73381 0.193359
1.73342 0.195312

1.73342 0.195312
1.73303 0.197266

1.73303 0.197266
1.73264 0.199219

1.73242 0.200295
1.73224 0.201172

1.73224 0.201172
1.73184 0.203125

1.73242 0.200295
1.73264 0.199219

1.73047 0.20966
1.7302 0.210938

1.73184 0.203125
1.73144 0.205078

1.73144 0.205078
1.73103 0.207031

1.73103 0.207031
1.73061 0.208984

1.73047 0.20966
1.73061 0.208984

1.7302 0.210938
1.72977 0.212891

1.72977 0.212891
1.72935 0.214844

1.72852 0.218608
1.72848 0.21875

1.72935 0.214844
1.72892 0.216797

1.72852 0.218608
1.72892 0.216797

1.73494 0.1875
1.73457 0.189453

1.73438 0.19045
1.73457 0.189453

1.72656 0.227183
1.72625 0.228516

1.72625 0.228516
1.72579 0.230469

1.72579 0.230469
1.72533 0.232422

1.72533 0.232422
1.72486 0.234375

1.72848 0.21875
1.72805 0.220703

1.72805 0.220703
1.7276 0.222656

1.7276 0.222656
1.72716 0.224609

1.72716 0.224609
1.72671 0.226562

1.72656 0.227183
1.72671 0.226562

1.72461 0.235432
1.72439 0.236328

1.72439 0.236328
1.72392 0.238281

1.72461 0.235432
1.72486 0.234375

1.72392 0.238281
1.72344 0.240234

1.72344 0.240234
1.72296 0.242188

1.72266 0.243385
1.72247 0.244141

1.72247 0.244141
1.72198 0.246094

1.72198 0.246094
1.72148 0.248047

1.72148 0.248047
1.72098 0.25

1.72266 0.243385
1.72296 0.242188

1.625 0.489821
1.62477 0.490234

1.62477 0.490234
1.62367 0.492188

1.62109 0.496745
1.62035 0.498047

1.62035 0.498047
1.61923 0.5

1.62305 0.493299
1.62257 0.494141

1.62257 0.494141
1.62146 0.496094

1.62305 0.493299
1.62367 0.492188

1.62109 0.496745
1.62146 0.496094

1.6875 0.355636
1.68682 0.357422

1.68682 0.357422
1.68608 0.359375

1.68359 0.36578
1.68304 0.367188

1.68555 0.360749
1.68532 0.361328

1.68532 0.361328
1.68457 0.363281

1.68555 0.360749
1.68608 0.359375

1.68457 0.363281
1.68381 0.365234

1.68359 0.36578
1.68381 0.365234

1.68164 0.370734
1.6815 0.371094

1.68304 0.367188
1.68227 0.369141

1.68164 0.370734
1.68227 0.369141

1.6815 0.371094
1.68072 0.373047

1.68072 0.373047
1.67993 0.375

1.71875 0.258514
1.71842 0.259766

1.71842 0.259766
1.71789 0.261719

1.71789 0.261719
1.71736 0.263672

1.71736 0.263672
1.71683 0.265625

1.71484 0.272749
1.71465 0.273438

1.7168 0.265735
1.71629 0.267578

1.71629 0.267578
1.71575 0.269531

1.7168 0.265735
1.71683 0.265625

1.71575 0.269531
1.7152 0.271484

1.71484 0.272749
1.7152 0.271484

1.71465 0.273438
1.71409 0.275391

1.71409 0.275391
1.71354 0.277344

1.71289 0.279575
1.7124 0.28125

1.71354 0.277344
1.71297 0.279297

1.71289 0.279575
1.71297 0.279297

1.70312 0.311282
1.70273 0.3125

1.71094 0.286223
1.71067 0.287109

1.71067 0.287109
1.71009 0.289062

1.70898 0.292709
1.70891 0.292969

1.71009 0.289062
1.7095 0.291016

1.70898 0.292709
1.7095 0.291016

1.70891 0.292969
1.70831 0.294922

1.70831 0.294922
1.7077 0.296875

1.7124 0.28125
1.71183 0.283203

1.71183 0.283203
1.71125 0.285156

1.71094 0.286223
1.71125 0.285156

1.70703 0.299041
1.70649 0.300781

1.70649 0.300781
1.70587 0.302734

1.70587 0.302734
1.70525 0.304688

1.7077 0.296875
1.7071 0.298828

1.70703 0.299041
1.7071 0.298828

1.70508 0.305229
1.70463 0.306641

1.70463 0.306641
1.704 0.308594

1.70508 0.305229
1.70525 0.304688

1.704 0.308594
1.70336 0.310547

1.70312 0.311282
1.70336 0.310547

1.7207 0.251071
1.72048 0.251953

1.72048 0.251953
1.71997 0.253906

1.7207 0.251071
1.72098 0.25

1.71997 0.253906
1.71945 0.255859

1.71945 0.255859
1.71894 0.257812

1.71875 0.258514
1.71894 0.257812

1.70273 0.3125
1.70209 0.314453

1.70209 0.314453
1.70144 0.316406

1.70117 0.317207
1.70079 0.318359

1.70079 0.318359
1.70013 0.320312

1.70117 0.317207
1.70144 0.316406

1.69922 0.323012
1.69881 0.324219

1.69881 0.324219
1.69814 0.326172

1.69814 0.326172
1.69747 0.328125

1.70013 0.320312
1.69947 0.322266

1.69922 0.323012
1.69947 0.322266

1.69531 0.334286
1.69473 0.335938

1.69336 0.339767
1.69333 0.339844

1.69473 0.335938
1.69403 0.337891

1.69336 0.339767
1.69403 0.337891

1.69333 0.339844
1.69263 0.341797

1.69263 0.341797
1.69192 0.34375

1.69727 0.328703
1.69679 0.330078

1.69679 0.330078
1.69611 0.332031

1.69727 0.328703
1.69747 0.328125

1.69611 0.332031
1.69542 0.333984

1.69531 0.334286
1.69542 0.333984

1.69141 0.345148
1.6912 0.345703

1.6912 0.345703
1.69048 0.347656

1.68945 0.350436
1.68903 0.351562

1.69048 0.347656
1.68976 0.349609

1.68945 0.350436
1.68976 0.349609

1.69141 0.345148
1.69192 0.34375

1.68903 0.351562
1.6883 0.353516

1.6883 0.353516
1.68756 0.355469

1.6875 0.355636
1.68756 0.355469

1.65625 0.429156
1.656 0.429688

1.65234 0.437322
1.65226 0.4375

1.6543 0.433263
1.65414 0.433594

1.656 0.429688
1.65507 0.431641

1.6543 0.433263
1.65507 0.431641

1.65414 0.433594
1.6532 0.435547

1.65234 0.437322
1.6532 0.435547

1.67188 0.394424
1.67183 0.394531

1.67183 0.394531
1.67099 0.396484

1.67099 0.396484
1.67015 0.398438

1.66797 0.403443
1.66759 0.404297

1.66759 0.404297
1.66673 0.40625

1.66992 0.398963
1.6693 0.400391

1.6693 0.400391
1.66845 0.402344

1.66992 0.398963
1.67015 0.398438

1.66797 0.403443
1.66845 0.402344

1.67969 0.375611
1.67915 0.376953

1.67915 0.376953
1.67835 0.378906

1.67773 0.380416
1.67755 0.380859

1.67755 0.380859
1.67675 0.382812

1.67773 0.380416
1.67835 0.378906

1.67578 0.385152
1.67513 0.386719

1.67383 0.389819
1.67349 0.390625

1.67513 0.386719
1.67431 0.388672

1.67383 0.389819
1.67431 0.388672

1.67675 0.382812
1.67594 0.384766

1.67578 0.385152
1.67594 0.384766

1.67969 0.375611
1.67993 0.375

1.67349 0.390625
1.67266 0.392578

1.67188 0.394424
1.67266 0.392578

1.66406 0.41223
1.66324 0.414062

1.66016 0.420796
1.65966 0.421875

1.66211 0.416539
1.66146 0.417969

1.66324 0.414062
1.66235 0.416016

1.66211 0.416539
1.66235 0.416016

1.66146 0.417969
1.66056 0.419922

1.66016 0.420796
1.66056 0.419922

1.66602 0.407865
1.66587 0.408203

1.66587 0.408203
1.66499 0.410156

1.66602 0.407865
1.66673 0.40625

1.66499 0.410156
1.66412 0.412109

1.66406 0.41223
1.66412 0.412109

1.6582 0.425001
1.65784 0.425781

1.65966 0.421875
1.65875 0.423828

1.6582 0.425001
1.65875 0.423828

1.65784 0.425781
1.65692 0.427734

1.65625 0.429156
1.65692 0.427734

1.64062 0.460753
1.64053 0.460938

1.63672 0.468238
1.63645 0.46875

1.63867 0.464515
1.6385 0.464844

1.64053 0.460938
1.63952 0.462891

1.63867 0.464515
1.63952 0.462891

1.6385 0.464844
1.63748 0.466797

1.63672 0.468238
1.63748 0.466797

1.64844 0.445304
1.64843 0.445312

1.64453 0.453112
1.64452 0.453125

1.64843 0.445312
1.64746 0.447266

1.64746 0.447266
1.64649 0.449219

1.64648 0.449229
1.64551 0.451172

1.64453 0.453112
1.64551 0.451172

1.64648 0.449229
1.64649 0.449219

1.65039 0.441336
1.65036 0.441406

1.65226 0.4375
1.65131 0.439453

1.65039 0.441336
1.65131 0.439453

1.65036 0.441406
1.6494 0.443359

1.64844 0.445304
1.6494 0.443359

1.64258 0.456953
1.64254 0.457031

1.64452 0.453125
1.64353 0.455078

1.64258 0.456953
1.64353 0.455078

1.64254 0.457031
1.64154 0.458984

1.64062 0.460753
1.64154 0.458984

1.63281 0.475573
1.63228 0.476562

1.62891 0.482765
1.62802 0.484375

1.63086 0.479186
1.63016 0.480469

1.63228 0.476562
1.63122 0.478516

1.63086 0.479186
1.63122 0.478516

1.63016 0.480469
1.62909 0.482422

1.62891 0.482765
1.62909 0.482422

1.63477 0.471923
1.63438 0.472656

1.63645 0.46875
1.63542 0.470703

1.63477 0.471923
1.63542 0.470703

1.63438 0.472656
1.63333 0.474609

1.63281 0.475573
1.63333 0.474609

1.62695 0.48631
1.62694 0.486328

1.62694 0.486328
1.62586 0.488281

1.62695 0.486311
1.62802 0.484375

1.625 0.489821
1.62586 0.488281

1.7526 0
1.7526 0.00195312

1.7526 0.00195312
1.75259 0.00390625

1.75259 0.00390625
1.75258 0.00585938

1.75258 0.00585938
1.75257 0.0078125

1.75257 0.0078125
1.75255 0.00976562

1.75255 0.00976562
1.75253 0.0117188

1.75253 0.0117188
1.75251 0.0136719

1.75251 0.0136719
1.75248 0.015625

1.75248 0.015625
1.75245 0.0175781

1.75245 0.0175781
1.75241 0.0195312

1.75241 0.0195312
1.75237 0.0214844

1.75237 0.0214844
1.75233 0.0234375

1.75233 0.0234375
1.75228 0.0253906

1.75228 0.0253906
1.75223 0.0273438

1.75223 0.0273438
1.75218 0.0292969

1.75218 0.0292969
1.75212 0.03125

1.75212 0.03125
1.75205 0.0332031

1.75205 0.0332031
1.75199 0.0351562

1.75195 0.0360932
1.75192 0.0371094

1.75192 0.0371094
1.75184 0.0390625

1.75195 0.0360932
1.75199 0.0351562

1.75184 0.0390625
1.75176 0.0410156

1.75176 0.0410156
1.75168 0.0429688

1.75168 0.0429688
1.7516 0.0449219

1.7516 0.0449219
1.75151 0.046875

1.75151 0.046875
1.75141 0.0488281

1.75141 0.0488281
1.75132 0.0507812

1.75132 0.0507812
1.75122 0.0527344

1.75122 0.0527344
1.75111 0.0546875

1.75111 0.0546875
1.751 0.0566406

1.751 0.0566406
1.75089 0.0585938

1.75089 0.0585938
1.75078 0.0605469

1.75078 0.0605469
1.75066 0.0625

1.75066 0.0625
1.75053 0.0644531

1.75053 0.0644531
1.7504 0.0664062

1.7504 0.0664062
1.75027 0.0683594

1.75027 0.0683594
1.75014 0.0703125

1.75 0.072239
1.75014 0.0703125

1.55859 0.59322
1.55821 0.59375

1.5625 0.587855
1.56247 0.587891

1.56247 0.587891
1.56106 0.589844

1.56055 0.590549
1.55964 0.591797

1.55859 0.593225
1.55964 0.591797

1.56055 0.590554
1.56105 0.589844

1.54688 0.608901
1.54652 0.609375

1.53516 0.623965
1.53434 0.625

1.53906 0.619014
1.53896 0.619141

1.53896 0.619141
1.53743 0.621094

1.53711 0.621501
1.53589 0.623047

1.53516 0.623977
1.53588 0.623047

1.53711 0.621496
1.53742 0.621094

1.54102 0.616505
1.54049 0.617188

1.54297 0.613992
1.54201 0.615234

1.54102 0.616511
1.54201 0.615234

1.54492 0.611457
1.54352 0.613281

1.54652 0.609375
1.54502 0.611328

1.54492 0.611451
1.54502 0.611328

1.54297 0.613996
1.54351 0.613281

1.53906 0.619014
1.54049 0.617188

1.55273 0.601141
1.55242 0.601562

1.55469 0.598521
1.55388 0.599609

1.55273 0.601144
1.55388 0.599609

1.55078 0.603749
1.54948 0.605469

1.54883 0.606333
1.54801 0.607422

1.54688 0.608904
1.548 0.607422

1.54883 0.60634
1.54948 0.605469

1.55242 0.601562
1.55096 0.603516

1.55078 0.603744
1.55095 0.603516

1.55664 0.595884
1.55533 0.597656

1.55821 0.59375
1.55677 0.595703

1.55664 0.595878
1.55677 0.595703

1.55469 0.598527
1.55533 0.597656

1.59375 0.541964
1.59311 0.542969

1.5918 0.544999
1.59058 0.546875

1.59311 0.542969
1.59185 0.544922

1.5918 0.544995
1.59184 0.544922

1.58594 0.553957
1.58546 0.554688

1.58203 0.559817
1.58154 0.560547

1.58154 0.560547
1.58022 0.5625

1.58398 0.5569
1.58285 0.558594

1.58546 0.554688
1.58416 0.556641

1.58398 0.5569
1.58415 0.556641

1.58203 0.559818
1.58285 0.558594

1.58984 0.548008
1.58931 0.548828

1.58931 0.548828
1.58803 0.550781

1.58789 0.550996
1.58675 0.552734

1.58594 0.553958
1.58675 0.552734

1.58789 0.550995
1.58803 0.550781

1.58984 0.548008
1.59058 0.546875

1.60156 0.529583
1.60053 0.53125

1.60547 0.523237
1.60535 0.523438

1.60938 0.516787
1.6089 0.517578

1.6089 0.517578
1.60772 0.519531

1.60742 0.520026
1.60654 0.521484

1.60547 0.523239
1.60654 0.521484

1.60742 0.520027
1.60772 0.519531

1.60352 0.526423
1.60295 0.527344

1.60535 0.523438
1.60415 0.525391

1.60352 0.526423
1.60415 0.525391

1.60295 0.527344
1.60174 0.529297

1.60156 0.529585
1.60174 0.529297

1.61719 0.503545
1.61698 0.503906

1.61523 0.506899
1.6147 0.507812

1.61698 0.503906
1.61584 0.505859

1.61523 0.506899
1.61584 0.505859

1.61328 0.510224
1.6124 0.511719

1.61133 0.513519
1.61124 0.513672

1.61124 0.513672
1.61007 0.515625

1.61133 0.51352
1.6124 0.511719

1.6147 0.507812
1.61355 0.509766

1.61328 0.510224
1.61355 0.509766

1.61914 0.500161
1.61811 0.501953

1.61719 0.503545
1.61811 0.501953

1.61914 0.500162
1.61923 0.5

1.60938 0.516787
1.61007 0.515625

1.5957 0.538904
1.59561 0.539062

1.59766 0.535823
1.59684 0.537109

1.5957 0.538907
1.59684 0.537109

1.59961 0.532715
1.59931 0.533203

1.5993 0.533203
1.59808 0.535156

1.59961 0.532716
1.60053 0.53125

1.59766 0.535824
1.59808 0.535156

1.5956 0.539062
1.59436 0.541016

1.59375 0.541964
1.59436 0.541016

1.57031 0.576883
1.56944 0.578125

1.57812 0.565589
1.57757 0.566406

1.57617 0.568446
1.57489 0.570312

1.57757 0.566406
1.57623 0.568359

1.57617 0.56844
1.57623 0.568359

1.57227 0.57409
1.57218 0.574219

1.57422 0.571277
1.57354 0.572266

1.57227 0.574091
1.57354 0.572266

1.57218 0.574219
1.57081 0.576172

1.57031 0.576886
1.57081 0.576172

1.57422 0.571278
1.57489 0.570312

1.56445 0.585136
1.56388 0.585938

1.56641 0.582408
1.56528 0.583984

1.56445 0.58514
1.56528 0.583984

1.56836 0.579651
1.56806 0.580078

1.56806 0.580078
1.56667 0.582031

1.56836 0.579655
1.56944 0.578125

1.56641 0.582407
1.56667 0.582031

1.5625 0.587855
1.56388 0.585938

1.58008 0.562716
1.5789 0.564453

1.57812 0.56559
1.5789 0.564453

1.58008 0.562714
1.58022 0.5625

1.51562 0.647829
1.51511 0.648438

1.50977 0.654707
1.50844 0.65625

1.51172 0.652429
1.51012 0.654297

1.50977 0.654702
1.51011 0.654297

1.51367 0.650137
1.51346 0.650391

1.51346 0.650391
1.51179 0.652344

1.51367 0.650137
1.51511 0.648438

1.51172 0.652423
1.51179 0.652344

1.52344 0.638465
1.52327 0.638672

1.52327 0.638672
1.52165 0.640625

1.53125 0.628864
1.53122 0.628906

1.5293 0.631288
1.52806 0.632812

1.53122 0.628906
1.52964 0.630859

1.5293 0.631283
1.52964 0.630859

1.52539 0.636084
1.52488 0.636719

1.52734 0.633689
1.52648 0.634766

1.52539 0.636089
1.52647 0.634766

1.52344 0.638466
1.52487 0.636719

1.52734 0.6337
1.52805 0.632812

1.51953 0.643177
1.5184 0.644531

1.51758 0.645505
1.51677 0.646484

1.51562 0.647833
1.51676 0.646484

1.51758 0.645517
1.51839 0.644531

1.52148 0.640829
1.52003 0.642578

1.51953 0.643175
1.52002 0.642578

1.52148 0.640823
1.52165 0.640625

1.50195 0.663681
1.50162 0.664062

1.50391 0.661457
1.50334 0.662109

1.50195 0.663682
1.50334 0.662109

1.50586 0.659218
1.50505 0.660156

1.50781 0.656965
1.50675 0.658203

1.50586 0.659225
1.50674 0.658203

1.50391 0.661463
1.50504 0.660156

1.5 0.665893
1.50162 0.664062

1.50781 0.656969
1.50843 0.65625

1.5332 0.626422
1.53278 0.626953

1.53125 0.628864
1.53278 0.626953

1.5332 0.626424
1.53434 0.625

