-1.02142 0.224609
-1.02272 0.234375

-1.01192 0.195312
-1.0162 0.205078

-1.01617 0.205078
-1.01932 0.214844

-1.02269 0.234375
-1.02323 0.244141

-1.02322 0.244141
-1.0231 0.253906

-1.02308 0.253906
-1.02235 0.263672

-1.02233 0.263672
-1.02106 0.273438

-1.01932 0.283203
-1.01714 0.292969

-1.01713 0.292969
-1.01451 0.302734

-1.01449 0.302734
-1.0115 0.3125

-1.00816 0.322266
-1.00447 0.332031

-1.00446 0.332031
-1.00046 0.341797

-0.960938 0.143366
-0.951172 0.137698

-0.941406 0.13266
-0.931641 0.128027

-0.902344 0.11628
-0.892578 0.112889

-0.892578 0.112894
-0.882812 0.109711

-0.921875 0.123816
-0.912109 0.119896

-0.873047 0.106728
-0.863281 0.103895

-0.863281 0.103895
-0.853516 0.10121

-0.853516 0.10122
-0.84375 0.0986639

-0.99048 0.166016
-0.999366 0.175781

-0.990234 0.165814
-0.980469 0.156965

-0.833984 0.0962196
-0.824219 0.0938925

-0.824219 0.0938922
-0.814453 0.0916808

-0.814453 0.091693
-0.804688 0.0895735

-0.794922 0.0875192
-0.785156 0.0855552

-0.785156 0.0855566
-0.775391 0.0836825

-0.775391 0.0836843
-0.765625 0.0818935

-0.736328 0.0768
-0.726562 0.075234

-0.726562 0.0752397
-0.716797 0.0737521

-0.716797 0.0737523
-0.707031 0.0723311

-0.707031 0.0723466
-0.697266 0.0709604

-0.697266 0.0709577
-0.6875 0.069581

-0.765625 0.0819061
-0.755859 0.0801697

-0.755859 0.0801685
-0.746094 0.0784635

-0.996149 0.351562
-0.991559 0.361328

-0.98669 0.371094
-0.981562 0.380859

-0.970555 0.400391
-0.964706 0.410156

-0.958631 0.419922
-0.952351 0.429688

-0.939192 0.449219
-0.932329 0.458984

-0.910652 0.488281
-0.903083 0.498047

-0.862954 0.546875
-0.854509 0.556641

-0.677734 0.0682027
-0.667969 0.0668978

-0.667969 0.0668999
-0.658203 0.0656812

-0.658203 0.0656866
-0.648438 0.0645393

-0.648438 0.064543
-0.638672 0.0634488

-0.638672 0.0634528
-0.628906 0.0623963

-0.628906 0.062414
-0.619141 0.0613515

-0.619141 0.0613492
-0.609375 0.0602497

-0.609375 0.0602524
-0.599609 0.0591151

-0.589844 0.0579304
-0.580078 0.0568149

-0.580078 0.0568148
-0.570312 0.0557732

-0.570312 0.0557725
-0.560547 0.0548066

-0.560547 0.0548072
-0.550781 0.0539174

-0.550781 0.0539113
-0.541016 0.0531085

-0.541016 0.0531235
-0.53125 0.0523899

-0.53125 0.0523934
-0.521484 0.0516922

-0.521484 0.051697
-0.511719 0.0510115

-0.511719 0.0510159
-0.501953 0.0503278

-0.501953 0.0503316
-0.492188 0.0496246

-0.492188 0.0496365
-0.482422 0.0488794

-0.472656 0.0480667
-0.462891 0.0473059

-0.462891 0.0473096
-0.453125 0.0465746

-0.453125 0.0465764
-0.443359 0.045856

-0.443359 0.0458545
-0.433594 0.0451482

-0.433594 0.0451446
-0.423828 0.0444627

-0.423828 0.0444563
-0.414062 0.0438189

-0.414062 0.0438096
-0.404297 0.0432482

-0.404297 0.0432617
-0.394531 0.0427682

-0.394531 0.0427637
-0.384766 0.0423201

-0.384766 0.0423186
-0.375 0.0419369

-0.521484 0.888909
-0.511719 0.898309

-0.511582 0.898438
-0.501953 0.907737

-0.384294 1.02539
-0.375 1.03513

-0.375 0.0419356
-0.365234 0.0416212

-0.365234 0.0416215
-0.355469 0.0413765

-0.355469 0.0413793
-0.345703 0.0411978

-0.345703 0.0412034
-0.335938 0.0410686

-0.335938 0.0410769
-0.326172 0.0409611

-0.326172 0.0409716
-0.316406 0.0408374

-0.316406 0.040849
-0.306641 0.0406524

-0.306641 0.0406625
-0.296875 0.0403602

-0.267578 0.0385003
-0.257812 0.037545

-0.296875 0.0403663
-0.287109 0.0399258

-0.287109 0.0399398
-0.277344 0.0393208

-0.257812 0.0375558
-0.248047 0.0364395

-0.248047 0.0364488
-0.238281 0.0351314

-0.238281 0.0351271
-0.228516 0.0335987

-0.228516 0.033619
-0.21875 0.0318473

-0.21875 0.0318678
-0.208984 0.0297709

-0.199219 0.0272945
-0.189453 0.0251387

-0.189453 0.0249995
-0.179688 0.0234558

-0.179688 0.0233986
-0.169922 0.02286

-0.169922 0.02265
-0.160156 0.0236508

-0.160156 0.0233369
-0.150391 0.0269252

-0.130859 0.0410577
-0.121094 0.0474518

-0.111328 0.0524944
-0.101562 0.0562763

-0.101562 0.0563074
-0.092406 0.0585938

-0.0917969 0.058681
-0.0820312 0.0598433

-0.0820312 0.0598824
-0.0722656 0.0598107

-0.0625 0.0584915
-0.0527344 0.0555089

-0.0527344 0.0555876
-0.0429688 0.0507194

-0.0137377 0
-0.0145846 0.00976562

-0.014552 0.00976562
-0.0171579 0.0195312

-0.0170514 0.0195312
-0.0216941 0.0292969

-0.374975 1.03516
-0.365734 1.04492

-0.2866 1.13281
-0.278295 1.14258

-0.246073 1.18164
-0.238288 1.19141

-0.238281 1.19142
-0.230605 1.20117

-0.208203 1.23047
-0.200952 1.24023

-0.186781 1.25977
-0.179864 1.26953

-0.159773 1.29883
-0.153301 1.30859

-0.146936 1.31836
-0.140687 1.32812

-0.140625 1.32823
-0.134553 1.33789

-0.12853 1.34766
-0.122616 1.35742

-0.11113 1.37695
-0.105556 1.38672

-0.100092 1.39648
-0.094741 1.40625

-0.089503 1.41602
-0.0843773 1.42578

-0.0793628 1.43555
-0.0744608 1.44531

-0.0696713 1.45508
-0.0649929 1.46484

-0.0604254 1.47461
-0.0559688 1.48438

-0.051625 1.49414
-0.0473928 1.50391

-0.0473922 1.50391
-0.0432701 1.51367

-0.0392588 1.52344
-0.0353578 1.5332

-0.0315677 1.54297
-0.0278885 1.55273

-0.0278891 1.55273
-0.0243191 1.5625

-0.0208586 1.57227
-0.0175101 1.58203

-0.0175109 1.58203
-0.0142713 1.5918

-0.0111413 1.60156
-0.00812199 1.61133

-0.00812206 1.61133
-0.00521086 1.62109

-0.00240802 1.63086
0.000284226 1.64062

0.000284119 1.64062
0.00286638 1.65039

0.00286545 1.65039
0.00533981 1.66016

0.00770633 1.66992
0.00996288 1.67969

0.0099628 1.67969
0.0121113 1.68945

0.0121114 1.68945
0.0141519 1.69922

0.016083 1.70898
0.0179064 1.71875

0.0179068 1.71875
0.019623 1.72852

0.0196229 1.72852
0.0212312 1.73828

0.0212311 1.73828
0.0227317 1.74805

0.0227315 1.74805
0.024125 1.75781

0.0241257 1.75781
0.0253906 1.76742

0.0254101 1.76758
0.0265883 1.77734

0.0265888 1.77734
0.0276607 1.78711

0.0276605 1.78711
0.0286254 1.79688

0.0286255 1.79688
0.0294835 1.80664

0.0294834 1.80664
0.0302347 1.81641

0.0302345 1.81641
0.0308795 1.82617

0.0308795 1.82617
0.0314186 1.83594

0.0314186 1.83594
0.0318519 1.8457

0.0318518 1.8457
0.0321795 1.85547

0.0321794 1.85547
0.0324016 1.86523

0.0324015 1.86523
0.0325186 1.875

0.0325185 1.875
0.0325309 1.88477

0.0325308 1.88477
0.0324389 1.89453

0.0324388 1.89453
0.0322428 1.9043

0.0322427 1.9043
0.0319433 1.91406

0.0319432 1.91406
0.0315409 1.92383

0.0315407 1.92383
0.031036 1.93359

0.0310358 1.93359
0.0304295 1.94336

0.0304295 1.94336
0.0297222 1.95312

0.0297218 1.95312
0.0289144 1.96289

0.028914 1.96289
0.0280079 1.97266

0.0280077 1.97266
0.027004 1.98242

0.0270035 1.98242
0.0259037 1.99219

0.0247094 2.00195
0.023423 2.01172

0.0234225 2.01172
0.0220442 2.02148

0.0220438 2.02148
0.0205755 2.03125

0.015625 2.0607
0.0138533 2.07031

0.013853 2.07031
0.0119782 2.08008

0.011977 2.08008
0.0100299 2.08984

0.0100284 2.08984
0.00801444 2.09961

0.00801351 2.09961
0.00593736 2.10938

0.00380173 2.11914
0.0016185 2.12891

0.00161762 2.12891
-0.000612265 2.13867

-0.000614336 2.13867
-0.00288499 2.14844

-0.00518844 2.1582
-0.00751008 2.16797

-0.00751173 2.16797
-0.0098521 2.17773

-0.00985554 2.17773
-0.0122045 2.1875

0.0205749 2.03125
0.0190186 2.04102

0.0190174 2.04102
0.0173764 2.05078

0.0173758 2.05078
0.0156539 2.06055

-0.0237115 2.23633
-0.0258847 2.24609

-0.0258868 2.24609
-0.0279922 2.25586

-0.0279944 2.25586
-0.0300232 2.26562

-0.0145521 2.19727
-0.0168816 2.20703

-0.016884 2.20703
-0.0191936 2.2168

-0.0191975 2.2168
-0.0214746 2.22656

-0.0300275 2.26562
-0.031967 2.27539

-0.033805 2.28516
-0.0355213 2.29492

-0.0355236 2.29492
-0.0371171 2.30469

-0.0371199 2.30469
-0.0385804 2.31445

-0.0385826 2.31445
-0.0399004 2.32422

-0.0399026 2.32422
-0.0410686 2.33398

-0.0410705 2.33398
-0.0420765 2.34375

-0.0435864 2.36328
-0.0440802 2.37305

-0.0440803 2.37305
-0.0443991 2.38281

-0.0420779 2.34375
-0.0429172 2.35352

-0.0443989 2.38281
-0.044543 2.39258

-0.0445423 2.39258
-0.0445134 2.40234

-0.0445124 2.40234
-0.0443137 2.41211

-0.0443122 2.41211
-0.0439485 2.42188

-0.0439465 2.42188
-0.0434248 2.43164

-0.0427496 2.44141
-0.0419377 2.45117

-0.0419349 2.45117
-0.0409917 2.46094

-0.0409886 2.46094
-0.0399262 2.4707

-0.0399227 2.4707
-0.0387541 2.48047

-0.0387507 2.48047
-0.0374895 2.49023

-0.037486 2.49023
-0.0361459 2.5

-0.0361422 2.5
-0.0347377 2.50977

-0.0347334 2.50977
-0.0332808 2.51953

-0.0317869 2.5293
-0.0302748 2.53906

-0.0302715 2.53906
-0.0287494 2.54883

-0.0287462 2.54883
-0.0272274 2.55859

-0.0272243 2.55859
-0.0257214 2.56836

-0.0257187 2.56836
-0.0242434 2.57812

-0.0228019 2.58789
-0.0214119 2.59766

-0.0214097 2.59766
-0.0200751 2.60742

-0.020073 2.60742
-0.0188023 2.61719

-0.0188007 2.61719
-0.0176012 2.62695

-0.0175997 2.62695
-0.0164775 2.63672

-0.0164763 2.63672
-0.0154368 2.64648

-0.0154358 2.64648
-0.0144835 2.65625

-0.0144814 2.65625
-0.0136719 2.66542

-0.0136205 2.66602
-0.012852 2.67578

-0.0128515 2.67578
-0.0121781 2.68555

-0.0121779 2.68555
-0.0116011 2.69531

-0.0116011 2.69531
-0.0111212 2.70508

-0.0111214 2.70508
-0.0107382 2.71484

-0.0107385 2.71484
-0.0104509 2.72461

-0.0104514 2.72461
-0.0102575 2.73438

-0.0102582 2.73438
-0.0101554 2.74414

-0.0101564 2.74414
-0.0101415 2.75391

-0.0101426 2.75391
-0.0102116 2.76367

-0.0102129 2.76367
-0.0103611 2.77344

-0.0103625 2.77344
-0.0105844 2.7832

-0.0105861 2.7832
-0.0108755 2.79297

-0.0108772 2.79297
-0.0112273 2.80273

-0.0112294 2.80273
-0.011633 2.8125

-0.0116352 2.8125
-0.0120837 2.82227

-0.0120853 2.82227
-0.0125707 2.83203

-0.0125737 2.83203
-0.0130869 2.8418

-0.0130903 2.8418
-0.0136187 2.85156

-0.0141561 2.86133
-0.0146924 2.87109

-0.0146946 2.87109
-0.0152248 2.88086

-0.0152271 2.88086
-0.0157422 2.89062

-0.0157445 2.89062
-0.0162355 2.90039

-0.0162376 2.90039
-0.0166958 2.91016

-0.0166978 2.91016
-0.0171149 2.91992

-0.0171167 2.91992
-0.0174852 2.92969

-0.0174868 2.92969
-0.0178002 2.93945

-0.0178014 2.93945
-0.0180542 2.94922

-0.0180551 2.94922
-0.0182428 2.95898

-0.0182433 2.95898
-0.018363 2.96875

-0.0183632 2.96875
-0.0184132 2.97852

-0.018413 2.97852
-0.0183933 2.98828

-0.0183928 2.98828
-0.0183047 2.99805

-0.0183039 2.99805
-0.0181503 3.00781

-0.0181491 3.00781
-0.0179343 3.01758

-0.0179328 3.01758
-0.0176619 3.02734

-0.0176602 3.02734
-0.0173396 3.03711

-0.0173377 3.03711
-0.0169745 3.04688

-0.0169725 3.04688
-0.0165747 3.05664

-0.0165726 3.05664
-0.0161484 3.06641

-0.0161463 3.06641
-0.015704 3.07617

-0.0157019 3.07617
-0.0152498 3.08594

-0.0152479 3.08594
-0.014794 3.0957

-0.0147922 3.0957
-0.0143443 3.10547

-0.0143426 3.10547
-0.0139074 3.11523

-0.0134885 3.125
-0.0130966 3.13477

-0.0130955 3.13477
-0.0127326 3.14453

-0.0127317 3.14453
-0.0124017 3.1543

-0.0124011 3.1543
-0.0121071 3.16406

-0.0121066 3.16406
-0.0118507 3.17383

-0.0118505 3.17383
-0.011634 3.18359

-0.011634 3.18359
-0.0114571 3.19336

-0.0114573 3.19336
-0.0113195 3.20312

-0.0113199 3.20312
-0.0112198 3.21289

-0.0112204 3.21289
-0.0111559 3.22266

-0.0111567 3.22266
-0.0111251 3.23242

-0.011126 3.23242
-0.0111238 3.24219

-0.0111248 3.24219
-0.0111481 3.25195

-0.0111492 3.25195
-0.0111938 3.26172

-0.011195 3.26172
-0.0112561 3.27148

-0.0112573 3.27148
-0.0113304 3.28125

-0.0113316 3.28125
-0.0114117 3.29102

-0.0114128 3.29102
-0.0114952 3.30078

-0.0114963 3.30078
-0.0115763 3.31055

-0.0115773 3.31055
-0.0116507 3.32031

-0.0116516 3.32031
-0.0117147 3.33008

-0.0117154 3.33008
-0.0117647 3.33984

-0.0117653 3.33984
-0.011798 3.34961

-0.0117985 3.34961
-0.0118127 3.35938

-0.0118129 3.35938
-0.0118072 3.36914

-0.0118072 3.36914
-0.0117808 3.37891

-0.0117807 3.37891
-0.0117337 3.38867

-0.0117334 3.38867
-0.0116664 3.39844

-0.011666 3.39844
-0.0115803 3.4082

-0.0115798 3.4082
-0.0114771 3.41797

-0.0114765 3.41797
-0.0113592 3.42773

-0.0113585 3.42773
-0.0112291 3.4375

-0.0112284 3.4375
-0.0110897 3.44727

-0.011089 3.44727
-0.010944 3.45703

-0.0109433 3.45703
-0.010795 3.4668

-0.0107943 3.4668
-0.0106455 3.47656

-0.0106449 3.47656
-0.0104984 3.48633

-0.0104978 3.48633
-0.010356 3.49609

-0.0103555 3.49609
-0.0102206 3.50586

-0.0102202 3.50586
-0.0100939 3.51562

-0.0100937 3.51562
-0.00997735 3.52539

-0.00997717 3.52539
-0.00987176 3.53516

-0.00987169 3.53516
-0.00977765 3.54492

-0.00977769 3.54492
-0.00969508 3.55469

-0.00969521 3.55469
-0.00962368 3.56445

-0.0096239 3.56445
-0.00956271 3.57422

-0.00956301 3.57422
-0.00951115 3.58398

-0.0095115 3.58398
-0.00946768 3.59375

-0.00946807 3.59375
-0.00943081 3.60352

-0.00943122 3.60352
-0.00939892 3.61328

-0.00939933 3.61328
-0.00937033 3.62305

-0.00937073 3.62305
-0.00934338 3.63281

-0.00934375 3.63281
-0.0093165 3.64258

-0.00931683 3.64258
-0.00928827 3.65234

-0.00928855 3.65234
-0.00925746 3.66211

-0.00925768 3.66211
-0.00922307 3.67188

-0.00922322 3.67188
-0.00918439 3.68164

-0.00918446 3.68164
-0.00914095 3.69141

-0.00914096 3.69141
-0.0090926 3.70117

-0.00909254 3.70117
-0.00903942 3.71094

-0.00903931 3.71094
-0.00898176 3.7207

-0.0089816 3.7207
-0.00892015 3.73047

-0.00891996 3.73047
-0.0088553 3.74023

-0.00885509 3.74023
-0.00878804 3.75

-0.00878781 3.75
-0.00871924 3.75977

-0.00871902 3.75977
-0.0086498 3.76953

-0.00864959 3.76953
-0.00858059 3.7793

-0.00858041 3.7793
-0.00851242 3.78906

-0.00851226 3.78906
-0.00844596 3.79883

-0.00844584 3.79883
-0.00838177 3.80859

-0.00838169 3.80859
-0.00832026 3.81836

-0.00832022 3.81836
-0.00826168 3.82812

-0.00826168 3.82812
-0.00820611 3.83789

-0.00820614 3.83789
-0.00815348 3.84766

-0.00815354 3.84766
-0.00810361 3.85742

-0.0081037 3.85742
-0.00805619 3.86719

-0.00805629 3.86719
-0.00801083 3.87695

-0.00801094 3.87695
-0.00796709 3.88672

-0.00796721 3.88672
-0.00792452 3.89648

-0.00792463 3.89648
-0.00788265 3.90625

-0.00788274 3.90625
-0.00784106 3.91602

-0.00784114 3.91602
-0.00779938 3.92578

-0.00779944 3.92578
-0.00775732 3.93555

-0.00775736 3.93555
-0.00771467 3.94531

-0.00771469 3.94531
-0.00767129 3.95508

-0.00767129 3.95508
-0.00762716 3.96484

-0.00762714 3.96484
-0.00758231 3.97461

-0.00758227 3.97461
-0.00753684 3.98438

-0.00753679 3.98438
-0.00749092 3.99414

-0.00749087 3.99414
-0.00744473 4.00391

-0.00744468 4.00391
-0.0073985 4.01367

-0.00739845 4.01367
-0.00735244 4.02344

-0.00735239 4.02344
-0.00730674 4.0332

-0.0073067 4.0332
-0.00726158 4.04297

-0.00726155 4.04297
-0.0072171 4.05273

-0.00721708 4.05273
-0.00717339 4.0625

-0.00717339 4.0625
-0.00713051 4.07227

-0.00713051 4.07227
-0.00708847 4.08203

-0.00708848 4.08203
-0.00704724 4.0918

-0.00704725 4.0918
-0.00700675 4.10156

-0.00700678 4.10156
-0.00696694 4.11133

-0.00696697 4.11133
-0.0069277 4.12109

-0.00692773 4.12109
-0.00688893 4.13086

-0.00688896 4.13086
-0.00685054 4.14062

-0.00685056 4.14062
-0.00681243 4.15039

-0.00681244 4.15039
-0.00677453 4.16016

-0.00677454 4.16016
-0.00673679 4.16992

-0.0067368 4.16992
-0.00669918 4.17969

-0.00669918 4.17969
-0.00666168 4.18945

-0.00666168 4.18945
-0.00662431 4.19922

-0.0066243 4.19922
-0.00658707 4.20898

-0.00658706 4.20898
-0.00655001 4.21875

-0.00655 4.21875
-0.00651316 4.22852

-0.00651315 4.22852
-0.00647656 4.23828

-0.00647655 4.23828
-0.00644024 4.24805

-0.00644024 4.24805
-0.00640425 4.25781

-0.00640424 4.25781
-0.00636859 4.26758

-0.00636859 4.26758
-0.00633329 4.27734

-0.00633329 4.27734
-0.00629835 4.28711

-0.00629835 4.28711
-0.00626376 4.29688

-0.00626376 4.29688
-0.00622952 4.30664

-0.00622952 4.30664
-0.00619561 4.31641

-0.00619561 4.31641
-0.00616201 4.32617

-0.00616201 4.32617
-0.0061287 4.33594

-0.0061287 4.33594
-0.00609567 4.3457

-0.00609567 4.3457
-0.00606289 4.35547

-0.00606289 4.35547
-0.00603036 4.36523

-0.00603036 4.36523
-0.00599807 4.375

-0.00599807 4.375
-0.00596601 4.38477

-0.00596601 4.38477
-0.00593418 4.39453

-0.00593418 4.39453
-0.00590258 4.4043

-0.00590257 4.4043
-0.00587121 4.41406

-0.00587121 4.41406
-0.00584008 4.42383

-0.00584008 4.42383
-0.00580919 4.43359

-0.00580919 4.43359
-0.00577855 4.44336

-0.00577855 4.44336
-0.00574815 4.45312

-0.00574815 4.45312
-0.005718 4.46289

-0.005718 4.46289
-0.00568809 4.47266

-0.00568809 4.47266
-0.00565843 4.48242

-0.00565843 4.48242
-0.00562901 4.49219

-0.00562901 4.49219
-0.00559982 4.50195

-0.00559982 4.50195
-0.00557087 4.51172

-0.00557087 4.51172
-0.00554214 4.52148

-0.00554214 4.52148
-0.00551364 4.53125

-0.00551364 4.53125
-0.00548536 4.54102

-0.00548536 4.54102
-0.0054573 4.55078

-0.0054573 4.55078
-0.00542945 4.56055

-0.00542945 4.56055
-0.00540182 4.57031

-0.00540182 4.57031
-0.00537439 4.58008

-0.00537439 4.58008
-0.00534718 4.58984

-0.00534718 4.58984
-0.00532018 4.59961

-0.00532018 4.59961
-0.00529338 4.60938

-0.00529338 4.60938
-0.00526679 4.61914

-0.00526679 4.61914
-0.00524041 4.62891

-0.00524041 4.62891
-0.00521423 4.63867

-0.00521423 4.63867
-0.00518825 4.64844

-0.00518825 4.64844
-0.00516247 4.6582

-0.00516247 4.6582
-0.00513689 4.66797

-0.00513689 4.66797
-0.00511151 4.67773

-0.00511151 4.67773
-0.00508632 4.6875

-0.00508632 4.6875
-0.00506132 4.69727

-0.00506132 4.69727
-0.00503652 4.70703

-0.00503652 4.70703
-0.0050119 4.7168

-0.0050119 4.7168
-0.00498747 4.72656

-0.00498747 4.72656
-0.00496322 4.73633

-0.00496322 4.73633
-0.00493916 4.74609

-0.00493916 4.74609
-0.00491528 4.75586

-0.00491528 4.75586
-0.00489157 4.76562

-0.00489157 4.76562
-0.00486805 4.77539

-0.00486805 4.77539
-0.0048447 4.78516

-0.0048447 4.78516
-0.00482153 4.79492

-0.00482153 4.79492
-0.00479853 4.80469

-0.00479853 4.80469
-0.0047757 4.81445

-0.0047757 4.81445
-0.00475304 4.82422

-0.00475304 4.82422
-0.00473055 4.83398

-0.00473055 4.83398
-0.00470823 4.84375

-0.00470823 4.84375
-0.00468607 4.85352

-0.00468607 4.85352
-0.00466407 4.86328

-0.00466407 4.86328
-0.00464224 4.87305

-0.00464224 4.87305
-0.00462057 4.88281

-0.00462057 4.88281
-0.00459906 4.89258

-0.00459906 4.89258
-0.00457771 4.90234

-0.00457771 4.90234
-0.00455652 4.91211

-0.00455652 4.91211
-0.00453548 4.92188

-0.00453548 4.92188
-0.0045146 4.93164

-0.0045146 4.93164
-0.00449387 4.94141

-0.00449387 4.94141
-0.00447329 4.95117

-0.00447329 4.95117
-0.00445287 4.96094

-0.00445287 4.96094
-0.00443259 4.9707

-0.00443259 4.9707
-0.00441247 4.98047

-0.00441247 4.98047
-0.00439249 4.99023

-0.00439249 4.99023
-0.00437267 5

-0.00437267 5
-0.00435298 5.00977

-0.00435298 5.00977
-0.00433344 5.01953

-0.00433344 5.01953
-0.00431405 5.0293

-0.00431405 5.0293
-0.00429479 5.03906

-0.00429479 5.03906
-0.00427568 5.04883

-0.00427568 5.04883
-0.00425671 5.05859

-0.00425671 5.05859
-0.00423787 5.06836

-0.00423787 5.06836
-0.00421917 5.07812

-0.00421917 5.07812
-0.00420061 5.08789

-0.00420061 5.08789
-0.00418218 5.09766

-0.00418218 5.09766
-0.00416389 5.10742

-0.00416389 5.10742
-0.00414572 5.11719

-0.00414572 5.11719
-0.00412768 5.12695

-0.00412769 5.12695
-0.00410978 5.13672

-0.00410978 5.13672
-0.004092 5.14648

-0.004092 5.14648
-0.00407435 5.15625

-0.00407435 5.15625
-0.00405682 5.16602

-0.00405682 5.16602
-0.00403941 5.17578

-0.00403941 5.17578
-0.00402213 5.18555

-0.00402213 5.18555
-0.00400497 5.19531

-0.00400497 5.19531
-0.00398793 5.20508

-0.00398793 5.20508
-0.00397101 5.21484

-0.00397101 5.21484
-0.0039542 5.22461

-0.0039542 5.22461
-0.00393752 5.23438

-0.00393752 5.23438
-0.00392095 5.24414

-0.00392095 5.24414
-0.00390625 5.25286

-0.00390449 5.25391
-0.00388815 5.26367

-0.00388815 5.26367
-0.00387193 5.27344

-0.00387193 5.27344
-0.00385581 5.2832

-0.00385581 5.2832
-0.00383981 5.29297

-0.00383981 5.29297
-0.00382392 5.30273

-0.00382392 5.30273
-0.00380814 5.3125

-0.00380814 5.3125
-0.00379248 5.32227

-0.00379248 5.32227
-0.00377692 5.33203

-0.00377692 5.33203
-0.00376147 5.3418

-0.00376147 5.3418
-0.00374613 5.35156

-0.00374613 5.35156
-0.0037309 5.36133

-0.0037309 5.36133
-0.00371578 5.37109

-0.00371578 5.37109
-0.00370076 5.38086

-0.00370076 5.38086
-0.00368585 5.39062

-0.00368585 5.39062
-0.00367105 5.40039

-0.00367105 5.40039
-0.00365635 5.41016

-0.00365635 5.41016
-0.00364176 5.41992

-0.00364176 5.41992
-0.00362727 5.42969

-0.00362727 5.42969
-0.00361288 5.43945

-0.00361288 5.43945
-0.0035986 5.44922

-0.0035986 5.44922
-0.00358442 5.45898

-0.00358442 5.45898
-0.00357034 5.46875

-0.00357034 5.46875
-0.00355636 5.47852

-0.00355636 5.47852
-0.00354248 5.48828

-0.00354248 5.48828
-0.0035287 5.49805

-0.0035287 5.49805
-0.00351502 5.50781

-0.00351502 5.50781
-0.00350144 5.51758

-0.00350144 5.51758
-0.00348795 5.52734

-0.00348795 5.52734
-0.00347456 5.53711

-0.00347456 5.53711
-0.00346126 5.54688

-0.00346126 5.54688
-0.00344805 5.55664

-0.00344806 5.55664
-0.00343494 5.56641

-0.00343494 5.56641
-0.00342192 5.57617

-0.00342192 5.57617
-0.00340899 5.58594

-0.00340899 5.58594
-0.00339614 5.5957

-0.00339614 5.5957
-0.00338339 5.60547

-0.00338339 5.60547
-0.00337072 5.61523

-0.00337072 5.61523
-0.00335813 5.625

-0.00335813 5.625
-0.00334563 5.63477

-0.00334563 5.63477
-0.00333322 5.64453

-0.00333322 5.64453
-0.00332088 5.6543

-0.00332088 5.6543
-0.00330863 5.66406

-0.00330863 5.66406
-0.00329646 5.67383

-0.00329646 5.67383
-0.00328436 5.68359

-0.00328436 5.68359
-0.00327235 5.69336

-0.00327235 5.69336
-0.00326041 5.70312

-0.00326041 5.70312
-0.00324855 5.71289

-0.00324855 5.71289
-0.00323676 5.72266

-0.00323676 5.72266
-0.00322505 5.73242

-0.00322505 5.73242
-0.00321342 5.74219

-0.00321342 5.74219
-0.00320186 5.75195

-0.00320186 5.75195
-0.00319037 5.76172

-0.00319037 5.76172
-0.00317895 5.77148

-0.00317895 5.77148
-0.00316761 5.78125

-0.00316761 5.78125
-0.00315633 5.79102

-0.00315633 5.79102
-0.00314513 5.80078

-0.00314513 5.80078
-0.003134 5.81055

-0.003134 5.81055
-0.00312294 5.82031

-0.00312294 5.82031
-0.00311195 5.83008

-0.00311195 5.83008
-0.00310103 5.83984

-0.00310103 5.83984
-0.00309018 5.84961

-0.00309018 5.84961
-0.0030794 5.85938

-0.0030794 5.85938
-0.00306869 5.86914

-0.00306869 5.86914
-0.00305804 5.87891

-0.00305804 5.87891
-0.00304747 5.88867

-0.00304747 5.88867
-0.00303696 5.89844

-0.00303696 5.89844
-0.00302653 5.9082

-0.00302653 5.9082
-0.00301616 5.91797

-0.00301616 5.91797
-0.00300586 5.92773

-0.00300586 5.92773
-0.00299563 5.9375

-0.00299563 5.9375
-0.00298547 5.94727

-0.00298547 5.94727
-0.00297538 5.95703

-0.00297538 5.95703
-0.00296535 5.9668

-0.00296535 5.9668
-0.00295539 5.97656

-0.00295539 5.97656
-0.00294551 5.98633

-0.00294551 5.98633
-0.00293569 5.99609

-0.00293569 5.99609
-0.00292594 6.00586

-0.00292594 6.00586
-0.00291625 6.01562

-0.00291625 6.01562
-0.00290664 6.02539

-0.00290664 6.02539
-0.00289709 6.03516

-0.00289709 6.03516
-0.00288761 6.04492

-0.00288761 6.04492
-0.0028782 6.05469

-0.0028782 6.05469
-0.00286885 6.06445

-0.00286885 6.06445
-0.00285957 6.07422

-0.00285957 6.07422
-0.00285036 6.08398

-0.00285036 6.08398
-0.00284122 6.09375

-0.00284122 6.09375
-0.00283214 6.10352

-0.00283214 6.10352
-0.00282313 6.11328

-0.00282313 6.11328
-0.00281419 6.12305

-0.00281419 6.12305
-0.00280531 6.13281

-0.00280531 6.13281
-0.0027965 6.14258

-0.0027965 6.14258
-0.00278775 6.15234

-0.00278775 6.15234
-0.00277906 6.16211

-0.00277906 6.16211
-0.00277045 6.17188

-0.00277045 6.17188
-0.00276189 6.18164

-0.00276189 6.18164
-0.0027534 6.19141

-0.0027534 6.19141
-0.00274497 6.20117

-0.00274497 6.20117
-0.0027366 6.21094

-0.0027366 6.21094
-0.0027283 6.2207

-0.0027283 6.2207
-0.00272005 6.23047

-0.00272005 6.23047
-0.00271187 6.24023

-0.00271187 6.24023
-0.00270375 6.25

-0.00270375 6.25
-0.00269569 6.25977

-0.00269569 6.25977
-0.00268768 6.26953

-0.00268768 6.26953
-0.00267974 6.2793

-0.00267974 6.2793
-0.00267185 6.28906

-0.00267185 6.28906
-0.00266402 6.29883

-0.00266402 6.29883
-0.00265625 6.30859

-0.00265625 6.30859
-0.00264854 6.31836

-0.00264854 6.31836
-0.00264088 6.32812

-0.00264088 6.32812
-0.00263327 6.33789

-0.00263327 6.33789
-0.00262572 6.34766

-0.00262572 6.34766
-0.00261822 6.35742

-0.00261822 6.35742
-0.00261078 6.36719

-0.00261078 6.36719
-0.00260339 6.37695

-0.00260339 6.37695
-0.00259605 6.38672

-0.00259605 6.38672
-0.00258876 6.39648

-0.00258876 6.39648
-0.00258152 6.40625

-0.00258152 6.40625
-0.00257433 6.41602

-0.00257433 6.41602
-0.00256719 6.42578

-0.00256719 6.42578
-0.0025601 6.43555

-0.0025601 6.43555
-0.00255306 6.44531

-0.00255306 6.44531
-0.00254606 6.45508

-0.00254606 6.45508
-0.00253912 6.46484

-0.00253912 6.46484
-0.00253221 6.47461

-0.00253221 6.47461
-0.00252536 6.48438

-0.00252536 6.48438
-0.00251855 6.49414

-0.00251855 6.49414
-0.00251178 6.50391

-0.00251178 6.50391
-0.00250505 6.51367

-0.00250505 6.51367
-0.00249837 6.52344

-0.00249837 6.52344
-0.00249174 6.5332

-0.00249174 6.5332
-0.00248514 6.54297

-0.00248514 6.54297
-0.00247859 6.55273

-0.00247859 6.55273
-0.00247208 6.5625

-0.00247208 6.5625
-0.0024656 6.57227

-0.0024656 6.57227
-0.00245917 6.58203

-0.00245917 6.58203
-0.00245278 6.5918

-0.00245278 6.5918
-0.00244643 6.60156

-0.00244643 6.60156
-0.00244012 6.61133

-0.00244012 6.61133
-0.00243384 6.62109

-0.00243384 6.62109
-0.0024276 6.63086

-0.0024276 6.63086
-0.0024214 6.64062

-0.0024214 6.64062
-0.00241524 6.65039

-0.00241524 6.65039
-0.00240912 6.66016

-0.00240912 6.66016
-0.00240303 6.66992

-0.00240303 6.66992
-0.00239697 6.67969

-0.00239697 6.67969
-0.00239095 6.68945

-0.00239095 6.68945
-0.00238497 6.69922

-0.00238497 6.69922
-0.00237902 6.70898

-0.00237902 6.70898
-0.00237311 6.71875

-0.00237311 6.71875
-0.00236723 6.72852

-0.00236723 6.72852
-0.00236138 6.73828

-0.00236138 6.73828
-0.00235557 6.74805

-0.00235557 6.74805
-0.00234979 6.75781

-0.00234979 6.75781
-0.00234404 6.76758

-0.00234404 6.76758
-0.00233833 6.77734

-0.00233833 6.77734
-0.00233265 6.78711

-0.00233265 6.78711
-0.002327 6.79688

-0.002327 6.79688
-0.00232138 6.80664

-0.00232138 6.80664
-0.00231579 6.81641

-0.00231579 6.81641
-0.00231024 6.82617

-0.00231024 6.82617
-0.00230471 6.83594

-0.00230471 6.83594
-0.00229922 6.8457

-0.00229922 6.8457
-0.00229376 6.85547

-0.00229376 6.85547
-0.00228833 6.86523

-0.00228833 6.86523
-0.00228292 6.875

-0.00228292 6.875
-0.00227755 6.88477

-0.00227755 6.88477
-0.00227221 6.89453

-0.00227221 6.89453
-0.0022669 6.9043

-0.0022669 6.9043
-0.00226161 6.91406

-0.00226161 6.91406
-0.00225636 6.92383

-0.00225636 6.92383
-0.00225113 6.93359

-0.00225113 6.93359
-0.00224594 6.94336

-0.00224594 6.94336
-0.00224077 6.95312

-0.00224077 6.95312
-0.00223563 6.96289

-0.00223563 6.96289
-0.00223052 6.97266

-0.00223052 6.97266
-0.00222544 6.98242

-0.00222544 6.98242
-0.00222038 6.99219

-0.00222038 6.99219
-0.00221536 7.00195

-0.00221536 7.00195
-0.00221036 7.01172

-0.00221036 7.01172
-0.00220539 7.02148

-0.00220539 7.02148
-0.00220044 7.03125

-0.00220044 7.03125
-0.00219553 7.04102

-0.00219553 7.04102
-0.00219064 7.05078

-0.00219064 7.05078
-0.00218578 7.06055

-0.00218578 7.06055
-0.00218094 7.07031

-0.00218094 7.07031
-0.00217613 7.08008

-0.00217613 7.08008
-0.00217135 7.08984

-0.00217135 7.08984
-0.0021666 7.09961

-0.0021666 7.09961
-0.00216187 7.10938

-0.00216187 7.10938
-0.00215717 7.11914

-0.00215717 7.11914
-0.00215249 7.12891

-0.00215249 7.12891
-0.00214784 7.13867

-0.00214784 7.13867
-0.00214322 7.14844

-0.00214322 7.14844
-0.00213862 7.1582

-0.00213862 7.1582
-0.00213405 7.16797

-0.00213405 7.16797
-0.0021295 7.17773

-0.0021295 7.17773
-0.00212498 7.1875

-0.00212498 7.1875
-0.00212048 7.19727

-0.00212048 7.19727
-0.00211601 7.20703

-0.00211601 7.20703
-0.00211157 7.2168

-0.00211157 7.2168
-0.00210715 7.22656

-0.00210715 7.22656
-0.00210275 7.23633

-0.00210275 7.23633
-0.00209838 7.24609

-0.00209838 7.24609
-0.00209404 7.25586

-0.00209404 7.25586
-0.00208972 7.26562

-0.00208972 7.26562
-0.00208542 7.27539

-0.00208542 7.27539
-0.00208115 7.28516

-0.00208115 7.28516
-0.0020769 7.29492

-0.0020769 7.29492
-0.00207268 7.30469

-0.00207268 7.30469
-0.00206848 7.31445

-0.00206848 7.31445
-0.00206431 7.32422

-0.00206431 7.32422
-0.00206016 7.33398

-0.00206016 7.33398
-0.00205603 7.34375

-0.00205603 7.34375
-0.00205193 7.35352

-0.00205193 7.35352
-0.00204785 7.36328

-0.00204785 7.36328
-0.0020438 7.37305

-0.0020438 7.37305
-0.00203976 7.38281

-0.00203976 7.38281
-0.00203576 7.39258

-0.00203576 7.39258
-0.00203177 7.40234

-0.00203177 7.40234
-0.00202781 7.41211

-0.00202781 7.41211
-0.00202388 7.42188

-0.00202388 7.42188
-0.00201996 7.43164

-0.00201996 7.43164
-0.00201607 7.44141

-0.00201607 7.44141
-0.0020122 7.45117

-0.0020122 7.45117
-0.00200836 7.46094

-0.00200836 7.46094
-0.00200454 7.4707

-0.00200454 7.4707
-0.00200074 7.48047

-0.00200074 7.48047
-0.00199696 7.49023

-0.00199696 7.49023
-0.00199321 7.5

-0.00199321 7.5
-0.00198948 7.50977

-0.00198948 7.50977
-0.00198577 7.51953

-0.00198577 7.51953
-0.00198209 7.5293

-0.00198209 7.5293
-0.00197842 7.53906

-0.00197842 7.53906
-0.00197478 7.54883

-0.00197478 7.54883
-0.00197117 7.55859

-0.00197117 7.55859
-0.00196757 7.56836

-0.00196757 7.56836
-0.00196399 7.57812

-0.00196399 7.57812
-0.00196044 7.58789

-0.00196044 7.58789
-0.00195691 7.59766

-0.00195691 7.59766
-0.0019534 7.60742

-0.0019534 7.60742
-0.00194992 7.61719

-0.00194992 7.61719
-0.00194645 7.62695

-0.00194645 7.62695
-0.00194301 7.63672

-0.00194301 7.63672
-0.00193959 7.64648

-0.00193959 7.64648
-0.00193619 7.65625

-0.00193619 7.65625
-0.00193281 7.66602

-0.00193281 7.66602
-0.00192945 7.67578

-0.00192945 7.67578
-0.00192611 7.68555

-0.00192611 7.68555
-0.0019228 7.69531

-0.0019228 7.69531
-0.0019195 7.70508

-0.0019195 7.70508
-0.00191623 7.71484

-0.00191623 7.71484
-0.00191298 7.72461

-0.00191298 7.72461
-0.00190975 7.73438

-0.00190975 7.73438
-0.00190653 7.74414

-0.00190653 7.74414
-0.00190334 7.75391

-0.00190334 7.75391
-0.00190017 7.76367

-0.00190017 7.76367
-0.00189702 7.77344

-0.00189702 7.77344
-0.0018939 7.7832

-0.0018939 7.7832
-0.00189079 7.79297

-0.00189079 7.79297
-0.0018877 7.80273

-0.0018877 7.80273
-0.00188463 7.8125

-0.00188463 7.8125
-0.00188158 7.82227

-0.00188158 7.82227
-0.00187855 7.83203

-0.00187855 7.83203
-0.00187554 7.8418

-0.00187554 7.8418
-0.00187255 7.85156

-0.00187255 7.85156
-0.00186958 7.86133

-0.00186958 7.86133
-0.00186663 7.87109

-0.00186663 7.87109
-0.0018637 7.88086

-0.0018637 7.88086
-0.00186079 7.89062

-0.00186079 7.89062
-0.0018579 7.90039

-0.0018579 7.90039
-0.00185503 7.91016

-0.00185503 7.91016
-0.00185218 7.91992

-0.00185218 7.91992
-0.00184934 7.92969

-0.00184934 7.92969
-0.00184653 7.93945

-0.00184653 7.93945
-0.00184373 7.94922

-0.00184373 7.94922
-0.00184095 7.95898

-0.00184095 7.95898
-0.00183819 7.96875

-0.00183819 7.96875
-0.00183545 7.97852

-0.00183545 7.97852
-0.00183273 7.98828

-0.00183273 7.98828
-0.00183003 7.99805

-0.00183003 7.99805
-0.00182734 8.00781

-0.00182734 8.00781
-0.00182468 8.01758

-0.00182468 8.01758
-0.00182203 8.02734

-0.00182203 8.02734
-0.0018194 8.03711

-0.0018194 8.03711
-0.00181679 8.04688

-0.00181679 8.04688
-0.0018142 8.05664

-0.0018142 8.05664
-0.00181162 8.06641

-0.00181162 8.06641
-0.00180906 8.07617

-0.00180906 8.07617
-0.00180652 8.08594

-0.00180652 8.08594
-0.001804 8.0957

-0.001804 8.0957
-0.0018015 8.10547

-0.0018015 8.10547
-0.00179901 8.11523

-0.00179901 8.11523
-0.00179654 8.125

-0.00179654 8.125
-0.00179409 8.13477

-0.00179409 8.13477
-0.00179165 8.14453

-0.00179165 8.14453
-0.00178923 8.1543

-0.00178923 8.1543
-0.00178683 8.16406

-0.00178683 8.16406
-0.00178445 8.17383

-0.00178445 8.17383
-0.00178208 8.18359

-0.00178208 8.18359
-0.00177973 8.19336

-0.00177973 8.19336
-0.0017774 8.20312

-0.0017774 8.20312
-0.00177508 8.21289

-0.00177508 8.21289
-0.00177278 8.22266

-0.00177278 8.22266
-0.0017705 8.23242

-0.0017705 8.23242
-0.00176823 8.24219

-0.00176823 8.24219
-0.00176598 8.25195

-0.00176598 8.25195
-0.00176374 8.26172

-0.00176374 8.26172
-0.00176152 8.27148

-0.00176152 8.27148
-0.00175932 8.28125

-0.00175932 8.28125
-0.00175713 8.29102

-0.00175713 8.29102
-0.00175496 8.30078

-0.00175496 8.30078
-0.00175281 8.31055

-0.00175281 8.31055
-0.00175067 8.32031

-0.00175067 8.32031
-0.00174854 8.33008

-0.00174854 8.33008
-0.00174643 8.33984

-0.00174643 8.33984
-0.00174434 8.34961

-0.00174434 8.34961
-0.00174226 8.35938

-0.00174226 8.35938
-0.0017402 8.36914

-0.0017402 8.36914
-0.00173815 8.37891

-0.00173815 8.37891
-0.00173612 8.38867

-0.00173612 8.38867
-0.0017341 8.39844

-0.0017341 8.39844
-0.0017321 8.4082

-0.0017321 8.4082
-0.00173011 8.41797

-0.00173011 8.41797
-0.00172814 8.42773

-0.00172814 8.42773
-0.00172618 8.4375

-0.00172618 8.4375
-0.00172424 8.44727

-0.00172424 8.44727
-0.00172231 8.45703

-0.00172231 8.45703
-0.00172039 8.4668

-0.00172039 8.4668
-0.00171849 8.47656

-0.00171849 8.47656
-0.00171661 8.48633

-0.00171661 8.48633
-0.00171473 8.49609

-0.00171473 8.49609
-0.00171287 8.50586

-0.00171287 8.50586
-0.00171103 8.51562

-0.00171103 8.51562
-0.0017092 8.52539

-0.0017092 8.52539
-0.00170738 8.53516

-0.00170738 8.53516
-0.00170558 8.54492

-0.00170558 8.54492
-0.00170378 8.55469

-0.00170378 8.55469
-0.00170201 8.56445

-0.00170201 8.56445
-0.00170024 8.57422

-0.00170024 8.57422
-0.00169849 8.58398

-0.00169849 8.58398
-0.00169675 8.59375

-0.00169675 8.59375
-0.00169503 8.60352

-0.00169503 8.60352
-0.00169332 8.61328

-0.00169332 8.61328
-0.00169162 8.62305

-0.00169162 8.62305
-0.00168993 8.63281

-0.00168993 8.63281
-0.00168826 8.64258

-0.00168826 8.64258
-0.0016866 8.65234

-0.0016866 8.65234
-0.00168496 8.66211

-0.00168496 8.66211
-0.00168332 8.67188

-0.00168332 8.67188
-0.0016817 8.68164

-0.0016817 8.68164
-0.00168009 8.69141

-0.00168009 8.69141
-0.0016785 8.70117

-0.0016785 8.70117
-0.00167691 8.71094

-0.00167691 8.71094
-0.00167534 8.7207

-0.00167534 8.7207
-0.00167378 8.73047

-0.00167378 8.73047
-0.00167223 8.74023

-0.00167223 8.74023
-0.0016707 8.75

-0.0016707 8.75
-0.00166917 8.75977

-0.00166917 8.75977
-0.00166766 8.76953

-0.00166766 8.76953
-0.00166616 8.7793

-0.00166616 8.7793
-0.00166467 8.78906

-0.00166467 8.78906
-0.00166319 8.79883

-0.00166319 8.79883
-0.00166172 8.80859

-0.00166172 8.80859
-0.00166026 8.81836

-0.00166026 8.81836
-0.00165882 8.82812

-0.00165882 8.82812
-0.00165738 8.83789

-0.00165738 8.83789
-0.00165595 8.84766

-0.00165595 8.84766
-0.00165454 8.85742

-0.00165454 8.85742
-0.00165313 8.86719

-0.00165313 8.86719
-0.00165174 8.87695

-0.00165174 8.87695
-0.00165035 8.88672

-0.00165035 8.88672
-0.00164898 8.89648

-0.00164898 8.89648
-0.00164761 8.90625

-0.00164761 8.90625
-0.00164626 8.91602

-0.00164626 8.91602
-0.00164491 8.92578

-0.00164491 8.92578
-0.00164358 8.93555

-0.00164358 8.93555
-0.00164226 8.94531

-0.00164226 8.94531
-0.00164094 8.95508

-0.00164094 8.95508
-0.00163964 8.96484

-0.00163964 8.96484
-0.00163835 8.97461

-0.00163835 8.97461
-0.00163707 8.98438

-0.00163707 8.98438
-0.0016358 8.99414

-0.0016358 8.99414
-0.00163454 9.00391

-0.00163454 9.00391
-0.00163329 9.01367

-0.00163329 9.01367
-0.00163205 9.02344

-0.00163205 9.02344
-0.00163082 9.0332

-0.00163082 9.0332
-0.0016296 9.04297

-0.0016296 9.04297
-0.00162839 9.05273

-0.00162839 9.05273
-0.00162719 9.0625

-0.00162719 9.0625
-0.00162601 9.07227

-0.00162601 9.07227
-0.00162483 9.08203

-0.00162483 9.08203
-0.00162366 9.0918

-0.00162366 9.0918
-0.0016225 9.10156

-0.0016225 9.10156
-0.00162135 9.11133

-0.00162135 9.11133
-0.0016202 9.12109

-0.0016202 9.12109
-0.00161907 9.13086

-0.00161907 9.13086
-0.00161795 9.14062

-0.00161795 9.14062
-0.00161683 9.15039

-0.00161683 9.15039
-0.00161572 9.16016

-0.00161572 9.16016
-0.00161462 9.16992

-0.00161462 9.16992
-0.00161353 9.17969

-0.00161353 9.17969
-0.00161244 9.18945

-0.00161244 9.18945
-0.00161136 9.19922

-0.00161136 9.19922
-0.00161029 9.20898

-0.00161029 9.20898
-0.00160923 9.21875

-0.00160923 9.21875
-0.00160817 9.22852

-0.00160817 9.22852
-0.00160712 9.23828

-0.00160712 9.23828
-0.00160608 9.24805

-0.00160608 9.24805
-0.00160505 9.25781

-0.00160505 9.25781
-0.00160402 9.26758

-0.00160402 9.26758
-0.00160301 9.27734

-0.00160301 9.27734
-0.001602 9.28711

-0.001602 9.28711
-0.001601 9.29688

-0.001601 9.29688
-0.0016 9.30664

-0.0016 9.30664
-0.00159902 9.31641

-0.00159902 9.31641
-0.00159805 9.32617

-0.00159805 9.32617
-0.00159708 9.33594

-0.00159708 9.33594
-0.00159613 9.3457

-0.00159613 9.3457
-0.00159519 9.35547

-0.00159519 9.35547
-0.00159425 9.36523

-0.00159425 9.36523
-0.00159333 9.375

-0.00159333 9.375
-0.00159242 9.38477

-0.00159242 9.38477
-0.00159152 9.39453

-0.00159152 9.39453
-0.00159063 9.4043

-0.00159063 9.4043
-0.00158976 9.41406

-0.00158976 9.41406
-0.0015889 9.42383

-0.0015889 9.42383
-0.00158805 9.43359

-0.00158805 9.43359
-0.00158722 9.44336

-0.00158722 9.44336
-0.00158639 9.45312

-0.00158639 9.45312
-0.00158559 9.46289

-0.00158559 9.46289
-0.00158479 9.47266

-0.00158479 9.47266
-0.00158401 9.48242

-0.00158401 9.48242
-0.00158325 9.49219

-0.00158325 9.49219
-0.0015825 9.50195

-0.0015825 9.50195
-0.00158176 9.51172

-0.00158176 9.51172
-0.00158104 9.52148

-0.00158104 9.52148
-0.00158033 9.53125

-0.00158033 9.53125
-0.00157963 9.54102

-0.00157963 9.54102
-0.00157895 9.55078

-0.00157895 9.55078
-0.00157829 9.56055

-0.00157829 9.56055
-0.00157764 9.57031

-0.00157764 9.57031
-0.001577 9.58008

-0.001577 9.58008
-0.00157638 9.58984

-0.00157638 9.58984
-0.00157577 9.59961

-0.00157577 9.59961
-0.00157517 9.60938

-0.00157517 9.60938
-0.00157459 9.61914

-0.00157459 9.61914
-0.00157402 9.62891

-0.00157402 9.62891
-0.00157347 9.63867

-0.00157347 9.63867
-0.00157293 9.64844

-0.00157293 9.64844
-0.0015724 9.6582

-0.0015724 9.6582
-0.00157188 9.66797

-0.00157188 9.66797
-0.00157138 9.67773

-0.00157138 9.67773
-0.0015709 9.6875

-0.0015709 9.6875
-0.00157042 9.69727

-0.00157042 9.69727
-0.00156996 9.70703

-0.00156996 9.70703
-0.00156951 9.7168

-0.00156951 9.7168
-0.00156907 9.72656

-0.00156907 9.72656
-0.00156865 9.73633

-0.00156865 9.73633
-0.00156824 9.74609

-0.00156824 9.74609
-0.00156785 9.75586

-0.00156785 9.75586
-0.00156746 9.76562

-0.00156746 9.76562
-0.0015671 9.77539

-0.0015671 9.77539
-0.00156674 9.78516

-0.00156674 9.78516
-0.0015664 9.79492

-0.0015664 9.79492
-0.00156607 9.80469

-0.00156607 9.80469
-0.00156576 9.81445

-0.00156576 9.81445
-0.00156546 9.82422

-0.00156546 9.82422
-0.00156518 9.83398

-0.00156518 9.83398
-0.00156491 9.84375

-0.00156491 9.84375
-0.00156466 9.85352

-0.00156466 9.85352
-0.00156442 9.86328

-0.00156442 9.86328
-0.00156419 9.87305

-0.00156419 9.87305
-0.00156399 9.88281

-0.00156399 9.88281
-0.00156379 9.89258

-0.00156379 9.89258
-0.00156362 9.90234

-0.00156362 9.90234
-0.00156346 9.91211

-0.00156346 9.91211
-0.00156331 9.92188

-0.00156331 9.92188
-0.00156319 9.93164

-0.00156319 9.93164
-0.00156308 9.94141

-0.00156308 9.94141
-0.00156298 9.95117

-0.00156298 9.95117
-0.00156291 9.96094

-0.00156291 9.96094
-0.00156285 9.9707

-0.00156285 9.9707
-0.00156281 9.98047

-0.00156281 9.98047
-0.00156278 9.99023

-0.00156278 9.99023
-0.00156277 10

