-0.688435 0.419922
-0.692541 0.429688

-0.692532 0.429688
-0.696094 0.439453

-0.699122 0.449219
-0.70163 0.458984

-0.701624 0.458984
-0.703634 0.46875

-0.70363 0.46875
-0.705161 0.478516

-0.705157 0.478516
-0.706226 0.488281

-0.70622 0.488281
-0.706848 0.498047

-0.707031 0.506756
-0.706844 0.498047

-0.70686 0.517578
-0.70628 0.527344

-0.706274 0.527344
-0.705318 0.537109

-0.705311 0.537109
-0.704004 0.546875

-0.703998 0.546875
-0.702368 0.556641

-0.702362 0.556641
-0.700434 0.566406

-0.700429 0.566406
-0.698226 0.576172

-0.695748 0.585938
-0.693039 0.595703

-0.693034 0.595703
-0.690112 0.605469

-0.599609 0.310886
-0.589844 0.303222

-0.541016 0.270225
-0.53125 0.264472

-0.560547 0.282512
-0.550781 0.276239

-0.472656 0.234251
-0.462891 0.229815

-0.462891 0.22981
-0.453125 0.225514

-0.511719 0.253651
-0.501953 0.248532

-0.492188 0.243602
-0.482422 0.238843

-0.443359 0.221366
-0.433594 0.21734

-0.423828 0.213443
-0.414062 0.209659

-0.414062 0.209657
-0.404297 0.205987

-0.394531 0.202431
-0.384766 0.198972

-0.384766 0.198971
-0.375 0.195614

-0.659137 0.371094
-0.666249 0.380859

-0.678533 0.400391
-0.683777 0.410156

-0.686989 0.615234
-0.683694 0.625

-0.683689 0.625
-0.680231 0.634766

-0.67662 0.644531
-0.672883 0.654297

-0.672879 0.654297
-0.669027 0.664062

-0.66506 0.673828
-0.660983 0.683594

-0.656805 0.693359
-0.652532 0.703125

-0.648169 0.712891
-0.643713 0.722656

-0.643711 0.722656
-0.63916 0.732422

-0.634513 0.742188
-0.629772 0.751953

-0.624936 0.761719
-0.620002 0.771484

-0.61497 0.78125
-0.60984 0.791016

-0.599286 0.810547
-0.593863 0.820312

-0.588343 0.830078
-0.582732 0.839844

-0.57703 0.849609
-0.571245 0.859375

-0.559431 0.878906
-0.553413 0.888672

-0.547321 0.898438
-0.541166 0.908203

-0.528669 0.927734
-0.522334 0.9375

-0.509503 0.957031
-0.503015 0.966797

-0.489902 0.986328
-0.483284 0.996094

-0.469935 1.01562
-0.463213 1.02539

-0.442883 1.05469
-0.436062 1.06445

-0.42237 1.08398
-0.415507 1.09375

-0.401752 1.11328
-0.394871 1.12305

-0.228516 0.154873
-0.21875 0.152678

-0.365234 0.192356
-0.355469 0.189183

-0.355469 0.189184
-0.345703 0.186101

-0.335938 0.183104
-0.326172 0.180185

-0.326172 0.180187
-0.316406 0.177347

-0.306641 0.174582
-0.296875 0.171888

-0.296875 0.171888
-0.287109 0.169266

-0.287109 0.169269
-0.277344 0.166714

-0.267578 0.164222
-0.257812 0.161794

-0.257812 0.161795
-0.248047 0.159431

-0.248047 0.159433
-0.238281 0.157127

-0.21875 0.152679
-0.208984 0.150539

-0.208984 0.15054
-0.199219 0.14845

-0.189453 0.146407
-0.179688 0.144412

-0.179688 0.144413
-0.169922 0.142468

-0.169922 0.142468
-0.160156 0.140571

-0.160156 0.140573
-0.150391 0.138718

-0.150391 0.138719
-0.140625 0.136901

-0.130859 0.135124
-0.121094 0.133394

-0.121094 0.133395
-0.111328 0.131705

-0.111328 0.131705
-0.101562 0.130052

-0.101562 0.130053
-0.0917969 0.128434

-0.0820312 0.126842
-0.0722656 0.125289

-0.0722656 0.125291
-0.0625 0.123779

-0.0625 0.12378
-0.0527344 0.1223

-0.0527344 0.122299
-0.0429688 0.12085

-0.0429688 0.120852
-0.0332031 0.119431

-0.0332031 0.11943
-0.0234375 0.118033

-0.0136719 0.116662
-0.00390625 0.115325

-0.00390625 0.115327
0.00585938 0.114022

0.00585938 0.114023
0.015625 0.112744

0.015625 0.112744
0.0253906 0.11149

0.0253906 0.111493
0.0351562 0.110261

0.0351562 0.11026
0.0449219 0.109047

0.0449219 0.109047
0.0546875 0.107854

0.0644531 0.106681
0.0742188 0.10554

0.0742188 0.105542
0.0839844 0.104427

0.0839844 0.104427
0.09375 0.103333

0.09375 0.103333
0.103516 0.102259

0.103516 0.102259
0.113281 0.101202

0.113281 0.101204
0.123047 0.100161

0.123047 0.10016
0.132812 0.0991297

0.132812 0.0991298
0.142578 0.0981146

0.152344 0.0971145
0.162109 0.0961425

0.162109 0.0961446
0.171875 0.0951959

0.171875 0.0951967
0.181641 0.0942656

0.181641 0.0942658
0.191406 0.0933504

0.191406 0.0933506
0.201172 0.09245

0.201172 0.0924505
0.210938 0.0915636

0.210938 0.0915652
0.220703 0.0906878

0.220703 0.0906866
0.230469 0.0898177

0.230469 0.089817
0.240234 0.0889605

0.240234 0.0889615
0.25 0.0881169

-0.374228 1.15234
-0.367358 1.16211

-0.353646 1.18164
-0.346811 1.19141

-0.333191 1.21094
-0.326413 1.2207

-0.306224 1.25
-0.299551 1.25977

-0.286299 1.2793
-0.279726 1.28906

-0.266689 1.30859
-0.260232 1.31836

-0.247442 1.33789
-0.241115 1.34766

-0.234832 1.35742
-0.228599 1.36719

-0.228516 1.36732
-0.222416 1.37695

-0.216282 1.38672
-0.2102 1.39648

-0.198196 1.41602
-0.192278 1.42578

-0.186414 1.43555
-0.180608 1.44531

-0.169176 1.46484
-0.163551 1.47461

-0.157985 1.48438
-0.152483 1.49414

-0.147045 1.50391
-0.141673 1.51367

-0.136366 1.52344
-0.131126 1.5332

-0.120846 1.55273
-0.11581 1.5625

-0.110843 1.57227
-0.105947 1.58203

-0.101121 1.5918
-0.0963672 1.60156

-0.0963649 1.60156
-0.0917969 1.61109

-0.0916852 1.61133
-0.0870779 1.62109

-0.0870772 1.62109
-0.0825432 1.63086

-0.0780843 1.64062
-0.0736994 1.65039

-0.0693885 1.66016
-0.0651548 1.66992

-0.0609985 1.67969
-0.056919 1.68945

-0.0569186 1.68945
-0.052916 1.69922

-0.0489911 1.70898
-0.0451445 1.71875

-0.0413766 1.72852
-0.0376879 1.73828

-0.0376879 1.73828
-0.034078 1.74805

-0.0305477 1.75781
-0.0270984 1.76758

-0.0270986 1.76758
-0.0237288 1.77734

-0.0204387 1.78711
-0.0172309 1.79688

-0.0172312 1.79688
-0.0141042 1.80664

-0.0110583 1.81641
-0.00809449 1.82617

-0.00809431 1.82617
-0.00521179 1.83594

-0.002411 1.8457
0.000307121 1.85547

0.000307315 1.85547
0.00294243 1.86523

0.00294188 1.86523
0.00549471 1.875

0.00796525 1.88477
0.0103517 1.89453

0.0103516 1.89453
0.0126554 1.9043

0.0126555 1.9043
0.0148764 1.91406

0.017014 1.92383
0.019067 1.93359

0.0190669 1.93359
0.0210358 1.94336

0.0210356 1.94336
0.0229209 1.95312

0.0229211 1.95312
0.0247228 1.96289

0.0264405 1.97266
0.0280735 1.98242

0.0280735 1.98242
0.0296218 1.99219

0.0296217 1.99219
0.0310856 2.00195

0.0310857 2.00195
0.0324652 2.01172

0.0324653 2.01172
0.0337601 2.02148

0.0337596 2.02148
0.0349705 2.03125

0.0360971 2.04102
0.0371379 2.05078

0.0371378 2.05078
0.0380941 2.06055

0.0380942 2.06055
0.0389661 2.07031

0.0389661 2.07031
0.0397535 2.08008

0.0397534 2.08008
0.0404563 2.08984

0.0404563 2.08984
0.0410748 2.09961

0.0410747 2.09961
0.0416088 2.10938

0.0416087 2.10938
0.0420587 2.11914

0.0420586 2.11914
0.0424246 2.12891

0.0424245 2.12891
0.0427067 2.13867

0.0427066 2.13867
0.0429051 2.14844

0.0429051 2.14844
0.0430201 2.1582

0.04302 2.1582
0.0430519 2.16797

0.0430518 2.16797
0.0430008 2.17773

0.0430007 2.17773
0.0428672 2.1875

0.0428671 2.1875
0.0426514 2.19727

0.0426513 2.19727
0.0423539 2.20703

0.0423538 2.20703
0.0419751 2.2168

0.041975 2.2168
0.0415155 2.22656

0.0415153 2.22656
0.0409756 2.23633

0.0409755 2.23633
0.0403562 2.24609

0.0403561 2.24609
0.0396579 2.25586

0.0396577 2.25586
0.0388814 2.26562

0.0388812 2.26562
0.0380278 2.27539

0.0380275 2.27539
0.0370979 2.28516

0.0370974 2.28516
0.0360929 2.29492

0.0350142 2.30469
0.0338639 2.31445

0.0338638 2.31445
0.0326422 2.32422

0.0326419 2.32422
0.03135 2.33398

0.0313495 2.33398
0.0299886 2.34375

0.0149969 2.43164
0.0130765 2.44141

0.0130758 2.44141
0.0111154 2.45117

0.0111146 2.45117
0.00911739 2.46094

0.0091159 2.46094
0.00708674 2.4707

0.00502986 2.48047
0.00295367 2.49023

0.00295237 2.49023
0.000858179 2.5

0.029988 2.34375
0.0285601 2.35352

0.0285595 2.35352
0.0270669 2.36328

0.0270663 2.36328
0.0255116 2.37305

0.0238957 2.38281
0.0222227 2.39258

0.0222222 2.39258
0.0204935 2.40234

0.020493 2.40234
0.0187106 2.41211

0.0187094 2.41211
0.0168767 2.42188

0.259766 0.0872861
0.269531 0.0864863

0.269531 0.0864884
0.279297 0.0857113

0.279297 0.0857118
0.289062 0.0849518

0.289062 0.084952
0.298828 0.0842075

0.298828 0.0842078
0.308594 0.0834778

0.308594 0.0834781
0.318359 0.0827617

0.318359 0.0827622
0.328125 0.0820577

0.386719 0.0779766
0.396484 0.0773367

0.396484 0.0773403
0.40625 0.0767227

0.328125 0.0820597
0.337891 0.0813624

0.337891 0.0813613
0.347656 0.0806693

0.347656 0.0806693
0.357422 0.0799848

0.357422 0.0799849
0.367188 0.079308

0.367188 0.0793069
0.376953 0.0786394

0.40625 0.076724
0.416016 0.0761187

0.416016 0.0761193
0.425781 0.0755225

0.425781 0.0755232
0.435547 0.0749324

0.435547 0.0749331
0.445312 0.0743454

0.445312 0.074346
0.455078 0.0737585

0.455078 0.0737589
0.464844 0.0731695

0.464844 0.0731702
0.474609 0.0725766

0.474609 0.0725792
0.484375 0.0719747

0.484375 0.0719737
0.494141 0.071355

0.494141 0.0713548
0.503906 0.0707242

0.503906 0.0707237
0.513672 0.0700822

0.513672 0.0700815
0.523438 0.0694314

0.523438 0.0694301
0.533203 0.0687754

0.542969 0.0681141
0.552734 0.0674766

0.552734 0.0674789
0.5625 0.066865

0.5625 0.066865
0.572266 0.0662701

0.572266 0.0662695
0.582031 0.0656947

0.582031 0.0656941
0.591797 0.0651419

0.591797 0.0651416
0.601562 0.0646139

0.601562 0.0646137
0.611328 0.0641116

0.611328 0.0641119
0.621094 0.0636351

0.621094 0.0636341
0.630859 0.0631841

0.630859 0.0631878
0.640625 0.0627593

0.640625 0.0627593
0.650391 0.0623449

0.650391 0.0623453
0.660156 0.0619437

0.660156 0.0619446
0.669922 0.0615534

0.669922 0.0615545
0.679688 0.0611696

0.679688 0.0611708
0.689453 0.0607876

0.689453 0.0607887
0.699219 0.0604027

0.699219 0.0604036
0.708984 0.0600108

0.708984 0.0600115
0.71875 0.0596089

0.71875 0.0596088
0.728516 0.0591952

0.728516 0.0591962
0.738281 0.0587698

0.748047 0.0583295
0.757812 0.0579019

0.757812 0.0579044
0.767578 0.0574834

0.767578 0.0574841
0.777344 0.0570633

0.777344 0.0570632
0.787109 0.0566414

0.787109 0.0566411
0.796875 0.0562194

0.796875 0.0562191
0.806641 0.0557987

0.806641 0.0557982
0.816406 0.0553808

0.816406 0.0553801
0.826172 0.0549678

0.826172 0.0549672
0.835938 0.0545625

0.835938 0.0545617
0.845703 0.0541674

0.845703 0.0541669
0.855469 0.0537853

0.855469 0.0537835
0.865234 0.0534189

0.865234 0.0534224
0.875 0.0530713

0.875 0.0530703
0.884766 0.052728

0.884766 0.0527273
0.894531 0.0523972

0.894531 0.0523971
0.904297 0.0520806

0.904297 0.0520809
0.914062 0.0517779

0.914062 0.0517784
0.923828 0.0514871

0.923828 0.0514878
0.933594 0.0512058

0.933594 0.0512067
0.943359 0.0509308

0.943359 0.0509318
0.953125 0.050658

0.953125 0.0506591
0.962891 0.0503833

0.962891 0.0503843
0.972656 0.0501023

0.972656 0.0501031
0.982422 0.0498114

0.982422 0.049812
0.992188 0.0495079

0.992188 0.0495067
1.00195 0.0491913

1.00195 0.0491942
1.01172 0.048864

1.02148 0.0485227
1.03125 0.0482019

1.03125 0.0482042
1.04102 0.0478903

1.04102 0.0478905
1.05078 0.0475784

1.05078 0.0475785
1.06055 0.0472676

1.06055 0.0472677
1.07031 0.0469578

1.07031 0.0469579
1.08008 0.0466485

1.08008 0.0466486
1.08984 0.0463393

1.08984 0.0463393
1.09961 0.0460301

1.09961 0.04603
1.10938 0.0457212

1.10938 0.045721
1.11914 0.0454132

1.11914 0.0454129
1.12891 0.0451073

1.12891 0.045107
1.13867 0.0448051

1.13867 0.0448047
1.14844 0.0445079

1.14844 0.0445076
1.1582 0.0442172

1.1582 0.0442167
1.16797 0.0439344

1.16797 0.0439342
1.17773 0.0436617

1.17773 0.0436655
1.1875 0.0433957

1.1875 0.0433946
1.19727 0.0431222

1.19727 0.043122
1.20703 0.0428494

1.20703 0.0428491
1.2168 0.0425774

1.2168 0.0425771
1.22656 0.0423074

1.22656 0.0423071
1.23633 0.0420407

1.23633 0.0420403
1.24609 0.041779

1.24609 0.0417784
1.25586 0.0415242

1.25586 0.0415236
1.26562 0.0412789

1.26562 0.0412784
1.27539 0.0410456

1.27539 0.0410451
1.28516 0.0408262

1.28516 0.0408257
1.29492 0.0406226

1.29492 0.0406222
1.30469 0.0404365

1.30469 0.0404361
1.31445 0.0402695

1.31445 0.040269
1.32422 0.0401237

1.32422 0.0401229
1.33398 0.0400014

1.33398 0.0400005
1.34375 0.0399062

1.34375 0.0399052
1.35352 0.0398419

1.35352 0.0398411
1.36328 0.0398122

1.36328 0.0398121
1.37305 0.0398194

1.37305 0.0398205
1.38281 0.0398621

1.38281 0.0398649
1.39258 0.0399333

1.39258 0.039938
1.40234 0.0400182

1.40234 0.040025
1.41211 0.040094

1.41211 0.0401025
1.42188 0.0401295

1.42188 0.0401393
1.43164 0.0400879

1.43164 0.0400974
1.44141 0.0399292

1.44141 0.0399368
1.45117 0.0396175

1.45117 0.0396339
1.46094 0.0391155

1.4707 0.0383741
1.48047 0.0374583

1.48047 0.0374491
1.49023 0.0363685

1.49023 0.0363542
1.5 0.0351562

-0.00548082 2.5293
-0.00758788 2.53906

0.000856813 2.5
-0.00125005 2.50977

-0.00125153 2.50977
-0.00336536 2.51953

-0.00758972 2.53906
-0.0096871 2.54883

-0.00968939 2.54883
-0.0117688 2.55859

-0.0138254 2.56836
-0.015846 2.57812

-0.0234844 2.61719
-0.0252396 2.62695

-0.0252408 2.62695
-0.0269218 2.63672

-0.0269235 2.63672
-0.0285245 2.64648

-0.0285265 2.64648
-0.03004 2.65625

-0.0158471 2.57812
-0.0178295 2.58789

-0.0178314 2.58789
-0.0197696 2.59766

-0.019772 2.59766
-0.0216573 2.60742

-0.0234375 2.61694
-0.0216591 2.60742

-0.0300414 2.65625
-0.0314604 2.66602

-0.0314618 2.66602
-0.0327809 2.67578

-0.0339943 2.68555
-0.0350924 2.69531

-0.0350938 2.69531
-0.0360772 2.70508

-0.0360781 2.70508
-0.0369421 2.71484

-0.036943 2.71484
-0.037684 2.72461

-0.0376846 2.72461
-0.0382997 2.73438

-0.0383001 2.73438
-0.0387873 2.74414

-0.0387875 2.74414
-0.0391456 2.75391

-0.0391457 2.75391
-0.0393743 2.76367

-0.0393741 2.76367
-0.0394735 2.77344

-0.0394731 2.77344
-0.0394445 2.7832

-0.0394438 2.7832
-0.0392893 2.79297

-0.0392885 2.79297
-0.0390108 2.80273

-0.0390098 2.80273
-0.0386126 2.8125

-0.0386113 2.8125
-0.0380993 2.82227

-0.038098 2.82227
-0.0374762 2.83203

-0.0374746 2.83203
-0.036749 2.8418

-0.0367473 2.8418
-0.0359247 2.85156

-0.0359229 2.85156
-0.0350104 2.86133

-0.0350083 2.86133
-0.0340138 2.87109

-0.032942 2.88086
-0.0318083 2.89062

-0.031806 2.89062
-0.0306142 2.90039

-0.0306119 2.90039
-0.0293708 2.91016

-0.0293686 2.91016
-0.0280873 2.91992

-0.0280849 2.91992
-0.0267725 2.92969

-0.0267703 2.92969
-0.0254359 2.93945

-0.0254338 2.93945
-0.0240864 2.94922

-0.0227309 2.95898
-0.0213818 2.96875

-0.0213798 2.96875
-0.0200409 2.97852

-0.020039 2.97852
-0.0187181 2.98828

-0.0187164 2.98828
-0.0174208 2.99805

-0.0174191 2.99805
-0.0161557 3.00781

-0.0161542 3.00781
-0.0149294 3.01758

-0.014928 3.01758
-0.0137477 3.02734

-0.0126147 3.03711
-0.0115381 3.04688

-0.011537 3.04688
-0.0105189 3.05664

-0.010518 3.05664
-0.00956241 3.06641

-0.00956157 3.06641
-0.00867209 3.07617

-0.00867143 3.07617
-0.00785104 3.08594

-0.00785045 3.08594
-0.00710164 3.0957

-0.00710119 3.0957
-0.00642603 3.10547

-0.0064257 3.10547
-0.00582573 3.11523

-0.00582552 3.11523
-0.00530181 3.125

-0.00530171 3.125
-0.00485489 3.13477

-0.00485489 3.13477
-0.00448516 3.14453

-0.00448528 3.14453
-0.00419238 3.1543

-0.00419266 3.1543
-0.00397578 3.16406

-0.00383472 3.17383
-0.00376663 3.18359

-0.00376714 3.18359
-0.00377067 3.19336

-0.00377173 3.19336
-0.00384375 3.20312

-0.00398198 3.21289
-0.00418271 3.22266

-0.0041839 3.22266
-0.00444491 3.23242

-0.00444604 3.23242
-0.00476269 3.24219

-0.00476383 3.24219
-0.00513158 3.25195

-0.00513281 3.25195
-0.00554692 3.26172

-0.00554823 3.26172
-0.00600363 3.27148

-0.00600503 3.27148
-0.00649628 3.28125

-0.00649776 3.28125
-0.0070191 3.29102

-0.00702065 3.29102
-0.00756604 3.30078

-0.00756764 3.30078
-0.00813079 3.31055

-0.00813244 3.31055
-0.00870685 3.32031

-0.00870851 3.32031
-0.00928756 3.33008

-0.00928924 3.33008
-0.00986624 3.33984

-0.00986791 3.33984
-0.0104361 3.34961

-0.0104378 3.34961
-0.0109906 3.35938

-0.0109922 3.35938
-0.0115232 3.36914

-0.0115247 3.36914
-0.0120277 3.37891

-0.0120291 3.37891
-0.0124982 3.38867

-0.0124993 3.38867
-0.0129293 3.39844

-0.0129305 3.39844
-0.0133166 3.4082

-0.0133178 3.4082
-0.0136549 3.41797

-0.0136719 3.41854
-0.0139401 3.42773

-0.0139405 3.42773
-0.014172 3.4375

-0.0141723 3.4375
-0.0143489 3.44727

-0.0143491 3.44727
-0.0144696 3.45703

-0.0144696 3.45703
-0.0145339 3.4668

-0.0145337 3.4668
-0.0145421 3.47656

-0.0145417 3.47656
-0.0144956 3.48633

-0.014495 3.48633
-0.0143962 3.49609

-0.0143954 3.49609
-0.0142466 3.50586

-0.0142457 3.50586
-0.0140501 3.51562

-0.0140491 3.51562
-0.0138105 3.52539

-0.0135311 3.53516
-0.0132199 3.54492

-0.0132186 3.54492
-0.012878 3.55469

-0.0128767 3.55469
-0.012512 3.56445

-0.0125106 3.56445
-0.0121271 3.57422

-0.0121257 3.57422
-0.0117288 3.58398

-0.0117274 3.58398
-0.0113224 3.59375

-0.0113211 3.59375
-0.0109133 3.60352

-0.010912 3.60352
-0.0105067 3.61328

-0.0105055 3.61328
-0.0101075 3.62305

-0.0101064 3.62305
-0.00972035 3.63281

-0.00971933 3.63281
-0.00934954 3.64258

-0.00934862 3.64258
-0.00899898 3.65234

-0.00899818 3.65234
-0.00867209 3.66211

-0.00867141 3.66211
-0.00837184 3.67188

-0.00837128 3.67188
-0.0081007 3.68164

-0.00810027 3.68164
-0.00786064 3.69141

-0.00786034 3.69141
-0.0076531 3.70117

-0.00765294 3.70117
-0.00747901 3.71094

-0.00747897 3.71094
-0.00733874 3.7207

-0.00733884 3.7207
-0.00723218 3.73047

-0.0072324 3.73047
-0.00715871 3.74023

-0.00715904 3.74023
-0.0071172 3.75

-0.00711764 3.75
-0.00710608 3.75977

-0.00710663 3.75977
-0.00712334 3.76953

-0.00712398 3.76953
-0.00716657 3.7793

-0.0071673 3.7793
-0.00723299 3.78906

-0.00723379 3.78906
-0.00731953 3.79883

-0.00732039 3.79883
-0.00742283 3.80859

-0.00742373 3.80859
-0.00753934 3.81836

-0.00754027 3.81836
-0.00766538 3.82812

-0.00766632 3.82812
-0.00779719 3.83789

-0.00779812 3.83789
-0.00793101 3.84766

-0.00793191 3.84766
-0.00806315 3.85742

-0.00806401 3.85742
-0.00819009 3.86719

-0.00819088 3.86719
-0.0083085 3.87695

-0.00830922 3.87695
-0.00841537 3.88672

-0.00841599 3.88672
-0.00850802 3.89648

-0.00850853 3.89648
-0.00858418 3.90625

-0.00858458 3.90625
-0.00864205 3.91602

-0.00864232 3.91602
-0.00868029 3.92578

-0.00868043 3.92578
-0.00869807 3.93555

-0.00869809 3.93555
-0.0086951 3.94531

-0.00869499 3.94531
-0.00867158 3.95508

-0.00867135 3.95508
-0.00862819 3.96484

-0.00862785 3.96484
-0.00856606 3.97461

-0.00856563 3.97461
-0.00848671 3.98438

-0.00848621 3.98438
-0.00839203 3.99414

-0.00839147 3.99414
-0.00828417 4.00391

-0.00828356 4.00391
-0.00816548 4.01367

-0.00816485 4.01367
-0.00803849 4.02344

-0.00803785 4.02344
-0.00790577 4.0332

-0.00790514 4.0332
-0.00776991 4.04297

-0.0077693 4.04297
-0.00763342 4.05273

-0.00763284 4.05273
-0.00749869 4.0625

-0.00749817 4.0625
-0.00736795 4.07227

-0.00736749 4.07227
-0.00724318 4.08203

-0.00724279 4.08203
-0.0071261 4.0918

-0.00712579 4.0918
-0.00701814 4.10156

-0.0070179 4.10156
-0.00692041 4.11133

-0.00692025 4.11133
-0.00683369 4.12109

-0.00683361 4.12109
-0.00675845 4.13086

-0.00675845 4.13086
-0.00669485 4.14062

-0.00669492 4.14062
-0.00664273 4.15039

-0.00664287 4.15039
-0.00660165 4.16016

-0.00660185 4.16016
-0.00657091 4.16992

-0.00657117 4.16992
-0.00654959 4.17969

-0.00654989 4.17969
-0.00653658 4.18945

-0.00653691 4.18945
-0.0065306 4.19922

-0.00653096 4.19922
-0.00653028 4.20898

-0.00653065 4.20898
-0.00653417 4.21875

-0.00653453 4.21875
-0.00654079 4.22852

-0.00654115 4.22852
-0.00654871 4.23828

-0.00654904 4.23828
-0.00655651 4.24805

-0.00655682 4.24805
-0.00656292 4.25781

-0.00656319 4.25781
-0.00656676 4.26758

-0.00656699 4.26758
-0.00656704 4.27734

-0.00656722 4.27734
-0.00656294 4.28711

-0.00656307 4.28711
-0.00655383 4.29688

-0.00655391 4.29688
-0.00653931 4.30664

-0.00653933 4.30664
-0.00651916 4.31641

-0.00651914 4.31641
-0.00649339 4.32617

-0.00649332 4.32617
-0.00646219 4.33594

-0.00646208 4.33594
-0.00642593 4.3457

-0.00642578 4.3457
-0.00638511 4.35547

-0.00638494 4.35547
-0.00634038 4.36523

-0.00634019 4.36523
-0.00629248 4.375

-0.00629228 4.375
-0.00624221 4.38477

-0.006242 4.38477
-0.0061904 4.39453

-0.00619019 4.39453
-0.00613788 4.4043

-0.00613768 4.4043
-0.00608545 4.41406

-0.00608527 4.41406
-0.00603386 4.42383

-0.0060337 4.42383
-0.00598378 4.43359

-0.00598365 4.43359
-0.00593578 4.44336

-0.00593568 4.44336
-0.00589033 4.45312

-0.00589026 4.45312
-0.00584776 4.46289

-0.00584772 4.46289
-0.00580828 4.47266

-0.00580827 4.47266
-0.00577199 4.48242

-0.00577201 4.48242
-0.00573886 4.49219

-0.00573891 4.49219
-0.00570876 4.50195

-0.00570883 4.50195
-0.00568144 4.51172

-0.00568153 4.51172
-0.0056566 4.52148

-0.0056567 4.52148
-0.00563386 4.53125

-0.00563396 4.53125
-0.00561279 4.54102

-0.0056129 4.54102
-0.00559294 4.55078

-0.00559305 4.55078
-0.00557388 4.56055

-0.00557398 4.56055
-0.00555515 4.57031

-0.00555525 4.57031
-0.00553637 4.58008

-0.00553645 4.58008
-0.00551716 4.58984

-0.00551723 4.58984
-0.00549723 4.59961

-0.00549728 4.59961
-0.00547634 4.60938

-0.00547638 4.60938
-0.00545433 4.61914

-0.00545434 4.61914
-0.0054311 4.62891

-0.00543109 4.62891
-0.00540663 4.63867

-0.00540661 4.63867
-0.00538096 4.64844

-0.00538093 4.64844
-0.0053542 4.6582

-0.00535415 4.6582
-0.00532649 4.66797

-0.00532644 4.66797
-0.00529803 4.67773

-0.00529798 4.67773
-0.00526904 4.6875

-0.00526898 4.6875
-0.00523974 4.69727

-0.00523968 4.69727
-0.00521036 4.70703

-0.0052103 4.70703
-0.00518112 4.7168

-0.00518108 4.7168
-0.00515224 4.72656

-0.0051522 4.72656
-0.00512387 4.73633

-0.00512384 4.73633
-0.00509617 4.74609

-0.00509615 4.74609
-0.00506924 4.75586

-0.00506923 4.75586
-0.00504313 4.76562

-0.00504313 4.76562
-0.00501788 4.77539

-0.00501789 4.77539
-0.00499348 4.78516

-0.00499349 4.78516
-0.00496987 4.79492

-0.00496989 4.79492
-0.00494699 4.80469

-0.00494702 4.80469
-0.00492474 4.81445

-0.00492477 4.81445
-0.00490301 4.82422

-0.00490304 4.82422
-0.00488169 4.83398

-0.00488172 4.83398
-0.00486066 4.84375

-0.00486069 4.84375
-0.00483981 4.85352

-0.00483983 4.85352
-0.00481903 4.86328

-0.00481905 4.86328
-0.00479825 4.87305

-0.00479827 4.87305
-0.0047774 4.88281

-0.00477741 4.88281
-0.00475643 4.89258

-0.00475644 4.89258
-0.00473532 4.90234

-0.00473532 4.90234
-0.00471407 4.91211

-0.00471406 4.91211
-0.00469268 4.92188

-0.00469267 4.92188
-0.00467119 4.93164

-0.00467118 4.93164
-0.00464964 4.94141

-0.00464962 4.94141
-0.00462807 4.95117

-0.00462806 4.95117
-0.00460655 4.96094

-0.00460653 4.96094
-0.00458512 4.9707

-0.0045851 4.9707
-0.00456383 4.98047

-0.00456382 4.98047
-0.00454274 4.99023

-0.00454273 4.99023
-0.00452188 5

1.5 0.0351325
1.50977 0.033893

1.50977 0.0338606
1.51953 0.0326919

1.51953 0.0326649
1.5293 0.031686

1.5293 0.0316397
1.53906 0.0309971

1.53906 0.0309656
1.54883 0.0308145

1.54883 0.0308108
1.55859 0.0312217

1.55859 0.0312531
1.56836 0.0321709

1.56836 0.0322334
1.57812 0.0334701

1.57812 0.0335419
1.58789 0.0348288

1.58789 0.0349023
1.59766 0.0359489

1.59766 0.0359878
1.60742 0.0365692

1.60742 0.0365923
1.61719 0.0365845

1.61719 0.0365963
1.62695 0.0359297

1.62695 0.0359294
1.63672 0.0345811

1.63672 0.0345536
1.64648 0.0325794

1.64648 0.0325603
1.65625 0.0300531

1.66602 0.026989
1.67578 0.0252402

1.67578 0.0248435
1.68555 0.0252655

1.69531 0.0298941
1.70508 0.0380068

1.73438 0.0606326
1.74414 0.0651099

1.74414 0.0651473
1.75391 0.0682537

1.76367 0.0700113
1.77344 0.0706527

1.77344 0.070664
1.7832 0.0700696

1.79297 0.0682073
1.80273 0.0648444

1.80273 0.0649549
1.8125 0.0598795

1.84612 0
1.84543 0.00976562

1.84545 0.00976562
1.84333 0.0195312

1.83978 0.0292969
1.83419 0.0390625

-0.00452187 5
-0.00450127 5.00977

-0.00450127 5.00977
-0.00448094 5.01953

-0.00448094 5.01953
-0.00446089 5.0293

-0.00446089 5.0293
-0.00444111 5.03906

-0.00444111 5.03906
-0.0044216 5.04883

-0.00442161 5.04883
-0.00440234 5.05859

-0.00440235 5.05859
-0.00438331 5.06836

-0.00438332 5.06836
-0.00436448 5.07812

-0.00436448 5.07812
-0.00434581 5.08789

-0.00434582 5.08789
-0.0043273 5.09766

-0.0043273 5.09766
-0.00430891 5.10742

-0.00430891 5.10742
-0.00429062 5.11719

-0.00429062 5.11719
-0.00427242 5.12695

-0.00427242 5.12695
-0.0042543 5.13672

-0.0042543 5.13672
-0.00423626 5.14648

-0.00423626 5.14648
-0.00421829 5.15625

-0.00421828 5.15625
-0.00420039 5.16602

-0.00420039 5.16602
-0.00418257 5.17578

-0.00418257 5.17578
-0.00416485 5.18555

-0.00416485 5.18555
-0.00414723 5.19531

-0.00414723 5.19531
-0.00412972 5.20508

-0.00412972 5.20508
-0.00411233 5.21484

-0.00411232 5.21484
-0.00409506 5.22461

-0.00409506 5.22461
-0.00407793 5.23438

-0.00407793 5.23438
-0.00406093 5.24414

-0.00406093 5.24414
-0.00404407 5.25391

-0.00404407 5.25391
-0.00402735 5.26367

-0.00402735 5.26367
-0.00401076 5.27344

-0.00401076 5.27344
-0.0039943 5.2832

-0.0039943 5.2832
-0.00397797 5.29297

-0.00397797 5.29297
-0.00396175 5.30273

-0.00396175 5.30273
-0.00394565 5.3125

-0.00394565 5.3125
-0.00392966 5.32227

-0.00392966 5.32227
-0.00391377 5.33203

-0.00389799 5.3418
-0.0038823 5.35156

-0.0038823 5.35156
-0.0038667 5.36133

-0.0038667 5.36133
-0.0038512 5.37109

-0.0038512 5.37109
-0.00383579 5.38086

-0.00383579 5.38086
-0.00382048 5.39062

-0.00382048 5.39062
-0.00380527 5.40039

-0.00380527 5.40039
-0.00379015 5.41016

-0.00379015 5.41016
-0.00377512 5.41992

-0.00377512 5.41992
-0.0037602 5.42969

-0.0037602 5.42969
-0.00374538 5.43945

-0.00374538 5.43945
-0.00373065 5.44922

-0.00373065 5.44922
-0.00371603 5.45898

-0.00371603 5.45898
-0.0037015 5.46875

-0.0037015 5.46875
-0.00368707 5.47852

-0.00368707 5.47852
-0.00367274 5.48828

-0.00367274 5.48828
-0.00365851 5.49805

-0.00365851 5.49805
-0.00364437 5.50781

-0.00364437 5.50781
-0.00363033 5.51758

-0.00363033 5.51758
-0.00361638 5.52734

-0.00361638 5.52734
-0.00360252 5.53711

-0.00360252 5.53711
-0.00358876 5.54688

-0.00358876 5.54688
-0.00357509 5.55664

-0.00357509 5.55664
-0.0035615 5.56641

-0.0035615 5.56641
-0.00354801 5.57617

-0.00354801 5.57617
-0.00353461 5.58594

-0.00353461 5.58594
-0.0035213 5.5957

-0.0035213 5.5957
-0.00350809 5.60547

-0.00350809 5.60547
-0.00349496 5.61523

-0.00349496 5.61523
-0.00348192 5.625

-0.00348192 5.625
-0.00346898 5.63477

-0.00346898 5.63477
-0.00345612 5.64453

-0.00345612 5.64453
-0.00344335 5.6543

-0.00344335 5.6543
-0.00343067 5.66406

-0.00343067 5.66406
-0.00341808 5.67383

-0.00341808 5.67383
-0.00340558 5.68359

-0.00340558 5.68359
-0.00339317 5.69336

-0.00339317 5.69336
-0.00338085 5.70312

-0.00338085 5.70312
-0.00336861 5.71289

-0.00336861 5.71289
-0.00335645 5.72266

-0.00335645 5.72266
-0.00334439 5.73242

-0.00334439 5.73242
-0.0033324 5.74219

-0.0033324 5.74219
-0.00332051 5.75195

-0.00332051 5.75195
-0.0033087 5.76172

-0.0033087 5.76172
-0.00329697 5.77148

-0.00329697 5.77148
-0.00328532 5.78125

-0.00328532 5.78125
-0.00327376 5.79102

-0.00327376 5.79102
-0.00326228 5.80078

-0.00326228 5.80078
-0.00325088 5.81055

-0.00325088 5.81055
-0.00323957 5.82031

-0.00323957 5.82031
-0.00322833 5.83008

-0.00322833 5.83008
-0.00321718 5.83984

-0.00321718 5.83984
-0.00320611 5.84961

-0.00320611 5.84961
-0.00319511 5.85938

-0.00319511 5.85938
-0.0031842 5.86914

-0.0031842 5.86914
-0.00317336 5.87891

-0.00317336 5.87891
-0.00316261 5.88867

-0.00316261 5.88867
-0.00315193 5.89844

-0.00315193 5.89844
-0.00314132 5.9082

-0.00314132 5.9082
-0.00313079 5.91797

-0.00313079 5.91797
-0.00312034 5.92773

-0.00312034 5.92773
-0.00310996 5.9375

-0.00310996 5.9375
-0.00309966 5.94727

-0.00309966 5.94727
-0.00308943 5.95703

-0.00308943 5.95703
-0.00307927 5.9668

-0.00307927 5.9668
-0.00306919 5.97656

-0.00306919 5.97656
-0.00305918 5.98633

-0.00305918 5.98633
-0.00304923 5.99609

-0.00304923 5.99609
-0.00303936 6.00586

-0.00303936 6.00586
-0.00302956 6.01562

-0.00302956 6.01562
-0.00301982 6.02539

-0.00301982 6.02539
-0.00301016 6.03516

-0.00301016 6.03516
-0.00300056 6.04492

-0.00300056 6.04492
-0.00299103 6.05469

-0.00299103 6.05469
-0.00298156 6.06445

-0.00298156 6.06445
-0.00297216 6.07422

-0.00297216 6.07422
-0.00296283 6.08398

-0.00296283 6.08398
-0.00295356 6.09375

-0.00295356 6.09375
-0.00294435 6.10352

-0.00294435 6.10352
-0.0029352 6.11328

-0.0029352 6.11328
-0.00292612 6.12305

-0.00292612 6.12305
-0.0029171 6.13281

-0.0029171 6.13281
-0.00290814 6.14258

-0.00290814 6.14258
-0.00289924 6.15234

-0.00289924 6.15234
-0.0028904 6.16211

-0.0028904 6.16211
-0.00288162 6.17188

-0.00288162 6.17188
-0.00287289 6.18164

-0.0028729 6.18164
-0.00286423 6.19141

-0.00286423 6.19141
-0.00285562 6.20117

-0.00285562 6.20117
-0.00284707 6.21094

-0.00284707 6.21094
-0.00283858 6.2207

-0.00283858 6.2207
-0.00283014 6.23047

-0.00283014 6.23047
-0.00282175 6.24023

-0.00282175 6.24023
-0.00281342 6.25

-0.00281342 6.25
-0.00280515 6.25977

-0.00280515 6.25977
-0.00279693 6.26953

-0.00279693 6.26953
-0.00278875 6.2793

-0.00278875 6.2793
-0.00278064 6.28906

-0.00278064 6.28906
-0.00277257 6.29883

-0.00277257 6.29883
-0.00276455 6.30859

-0.00276455 6.30859
-0.00275659 6.31836

-0.00275659 6.31836
-0.00274867 6.32812

-0.00274867 6.32812
-0.0027408 6.33789

-0.0027408 6.33789
-0.00273298 6.34766

-0.00273298 6.34766
-0.00272521 6.35742

-0.00272521 6.35742
-0.00271749 6.36719

-0.00271749 6.36719
-0.00270981 6.37695

-0.00270981 6.37695
-0.00270219 6.38672

-0.00270219 6.38672
-0.0026946 6.39648

-0.0026946 6.39648
-0.00268707 6.40625

-0.00268707 6.40625
-0.00267958 6.41602

-0.00267958 6.41602
-0.00267213 6.42578

-0.00267213 6.42578
-0.00266473 6.43555

-0.00266473 6.43555
-0.00265737 6.44531

-0.00265737 6.44531
-0.00265006 6.45508

-0.00265006 6.45508
-0.00264279 6.46484

-0.00264279 6.46484
-0.00263557 6.47461

-0.00263557 6.47461
-0.00262838 6.48438

-0.00262838 6.48438
-0.00262124 6.49414

-0.00262124 6.49414
-0.00261414 6.50391

-0.00261414 6.50391
-0.00260709 6.51367

-0.00260709 6.51367
-0.00260007 6.52344

-0.00260007 6.52344
-0.0025931 6.5332

-0.0025931 6.5332
-0.00258616 6.54297

-0.00258616 6.54297
-0.00257927 6.55273

-0.00257927 6.55273
-0.00257242 6.5625

-0.00257242 6.5625
-0.0025656 6.57227

-0.0025656 6.57227
-0.00255883 6.58203

-0.00255883 6.58203
-0.00255209 6.5918

-0.00255209 6.5918
-0.0025454 6.60156

-0.0025454 6.60156
-0.00253874 6.61133

-0.00253874 6.61133
-0.00253212 6.62109

-0.00253212 6.62109
-0.00252554 6.63086

-0.00252554 6.63086
-0.002519 6.64062

-0.002519 6.64062
-0.00251249 6.65039

-0.00251249 6.65039
-0.00250602 6.66016

-0.00250602 6.66016
-0.00249959 6.66992

-0.00249959 6.66992
-0.00249319 6.67969

-0.00249319 6.67969
-0.00248683 6.68945

-0.00248683 6.68945
-0.00248051 6.69922

-0.00248051 6.69922
-0.00247422 6.70898

-0.00247422 6.70898
-0.00246797 6.71875

-0.00246797 6.71875
-0.00246175 6.72852

-0.00246175 6.72852
-0.00245557 6.73828

-0.00245557 6.73828
-0.00244943 6.74805

-0.00244943 6.74805
-0.00244332 6.75781

-0.00244332 6.75781
-0.00243724 6.76758

-0.00243724 6.76758
-0.0024312 6.77734

-0.0024312 6.77734
-0.00242519 6.78711

-0.00242519 6.78711
-0.00241921 6.79688

-0.00241921 6.79688
-0.00241327 6.80664

-0.00241327 6.80664
-0.00240737 6.81641

-0.00240737 6.81641
-0.00240149 6.82617

-0.00240149 6.82617
-0.00239565 6.83594

-0.00239565 6.83594
-0.00238985 6.8457

-0.00238985 6.8457
-0.00238407 6.85547

-0.00238407 6.85547
-0.00237833 6.86523

-0.00237833 6.86523
-0.00237262 6.875

-0.00237262 6.875
-0.00236694 6.88477

-0.00236694 6.88477
-0.0023613 6.89453

-0.0023613 6.89453
-0.00235569 6.9043

-0.00235569 6.9043
-0.0023501 6.91406

-0.0023501 6.91406
-0.00234455 6.92383

-0.00234455 6.92383
-0.00233904 6.93359

-0.00233904 6.93359
-0.00233355 6.94336

-0.00233355 6.94336
-0.00232809 6.95312

-0.00232809 6.95312
-0.00232267 6.96289

-0.00232267 6.96289
-0.00231727 6.97266

-0.00231727 6.97266
-0.00231191 6.98242

-0.00231191 6.98242
-0.00230658 6.99219

-0.00230658 6.99219
-0.00230127 7.00195

-0.00230127 7.00195
-0.002296 7.01172

-0.002296 7.01172
-0.00229076 7.02148

-0.00229076 7.02148
-0.00228555 7.03125

-0.00228555 7.03125
-0.00228036 7.04102

-0.00228036 7.04102
-0.00227521 7.05078

-0.00227521 7.05078
-0.00227009 7.06055

-0.00227009 7.06055
-0.00226499 7.07031

-0.00226499 7.07031
-0.00225993 7.08008

-0.00225993 7.08008
-0.00225489 7.08984

-0.00225489 7.08984
-0.00224989 7.09961

-0.00224989 7.09961
-0.00224491 7.10938

-0.00224491 7.10938
-0.00223996 7.11914

-0.00223996 7.11914
-0.00223504 7.12891

-0.00223504 7.12891
-0.00223015 7.13867

-0.00223015 7.13867
-0.00222529 7.14844

-0.00222529 7.14844
-0.00222045 7.1582

-0.00222045 7.1582
-0.00221565 7.16797

-0.00221565 7.16797
-0.00221087 7.17773

-0.00221087 7.17773
-0.00220612 7.1875

-0.00220612 7.1875
-0.00220139 7.19727

-0.00220139 7.19727
-0.0021967 7.20703

-0.0021967 7.20703
-0.00219203 7.2168

-0.00219203 7.2168
-0.00218739 7.22656

-0.00218739 7.22656
-0.00218278 7.23633

-0.00218278 7.23633
-0.00217819 7.24609

-0.00217819 7.24609
-0.00217364 7.25586

-0.00217364 7.25586
-0.0021691 7.26562

-0.0021691 7.26562
-0.0021646 7.27539

-0.0021646 7.27539
-0.00216012 7.28516

-0.00216012 7.28516
-0.00215567 7.29492

-0.00215567 7.29492
-0.00215125 7.30469

-0.00215125 7.30469
-0.00214685 7.31445

-0.00214685 7.31445
-0.00214248 7.32422

-0.00214248 7.32422
-0.00213813 7.33398

-0.00213813 7.33398
-0.00213381 7.34375

-0.00213381 7.34375
-0.00212952 7.35352

-0.00212952 7.35352
-0.00212525 7.36328

-0.00212525 7.36328
-0.002121 7.37305

-0.002121 7.37305
-0.00211679 7.38281

-0.00211679 7.38281
-0.0021126 7.39258

-0.0021126 7.39258
-0.00210843 7.40234

-0.00210843 7.40234
-0.00210429 7.41211

-0.00210429 7.41211
-0.00210017 7.42188

-0.00210017 7.42188
-0.00209608 7.43164

-0.00209608 7.43164
-0.00209202 7.44141

-0.00209202 7.44141
-0.00208797 7.45117

-0.00208797 7.45117
-0.00208396 7.46094

-0.00208396 7.46094
-0.00207997 7.4707

-0.00207997 7.4707
-0.002076 7.48047

-0.002076 7.48047
-0.00207206 7.49023

-0.00207206 7.49023
-0.00206814 7.5

-0.00206814 7.5
-0.00206424 7.50977

-0.00206424 7.50977
-0.00206037 7.51953

-0.00206037 7.51953
-0.00205652 7.5293

-0.00205652 7.5293
-0.0020527 7.53906

-0.0020527 7.53906
-0.0020489 7.54883

-0.0020489 7.54883
-0.00204513 7.55859

-0.00204513 7.55859
-0.00204137 7.56836

-0.00204137 7.56836
-0.00203765 7.57812

-0.00203765 7.57812
-0.00203394 7.58789

-0.00203394 7.58789
-0.00203026 7.59766

-0.00203026 7.59766
-0.0020266 7.60742

-0.0020266 7.60742
-0.00202296 7.61719

-0.00202296 7.61719
-0.00201935 7.62695

-0.00201935 7.62695
-0.00201576 7.63672

-0.00201576 7.63672
-0.00201219 7.64648

-0.00201219 7.64648
-0.00200865 7.65625

-0.00200865 7.65625
-0.00200512 7.66602

-0.00200512 7.66602
-0.00200162 7.67578

-0.00200162 7.67578
-0.00199815 7.68555

-0.00199815 7.68555
-0.00199469 7.69531

-0.00199469 7.69531
-0.00199126 7.70508

-0.00199126 7.70508
-0.00198785 7.71484

-0.00198785 7.71484
-0.00198446 7.72461

-0.00198446 7.72461
-0.00198109 7.73438

-0.00198109 7.73438
-0.00197775 7.74414

-0.00197775 7.74414
-0.00197442 7.75391

-0.00197442 7.75391
-0.00197112 7.76367

-0.00197112 7.76367
-0.00196784 7.77344

-0.00196784 7.77344
-0.00196458 7.7832

-0.00196458 7.7832
-0.00196135 7.79297

-0.00196135 7.79297
-0.00195813 7.80273

-0.00195813 7.80273
-0.00195494 7.8125

-0.00195494 7.8125
-0.00195177 7.82227

-0.00195177 7.82227
-0.00194861 7.83203

-0.00194861 7.83203
-0.00194548 7.8418

-0.00194548 7.8418
-0.00194237 7.85156

-0.00194237 7.85156
-0.00193928 7.86133

-0.00193928 7.86133
-0.00193621 7.87109

-0.00193621 7.87109
-0.00193317 7.88086

-0.00193317 7.88086
-0.00193014 7.89062

-0.00193014 7.89062
-0.00192713 7.90039

-0.00192713 7.90039
-0.00192414 7.91016

-0.00192414 7.91016
-0.00192117 7.91992

-0.00192117 7.91992
-0.00191823 7.92969

-0.00191823 7.92969
-0.0019153 7.93945

-0.0019153 7.93945
-0.00191239 7.94922

-0.00191239 7.94922
-0.0019095 7.95898

-0.0019095 7.95898
-0.00190664 7.96875

-0.00190664 7.96875
-0.00190379 7.97852

-0.00190379 7.97852
-0.00190096 7.98828

-0.00190096 7.98828
-0.00189815 7.99805

-0.00189815 7.99805
-0.00189536 8.00781

-0.00189536 8.00781
-0.00189259 8.01758

-0.00189259 8.01758
-0.00188984 8.02734

-0.00188984 8.02734
-0.00188711 8.03711

-0.00188711 8.03711
-0.0018844 8.04688

-0.0018844 8.04688
-0.0018817 8.05664

-0.0018817 8.05664
-0.00187903 8.06641

-0.00187903 8.06641
-0.00187638 8.07617

-0.00187638 8.07617
-0.00187374 8.08594

-0.00187374 8.08594
-0.00187113 8.0957

-0.00187113 8.0957
-0.00186853 8.10547

-0.00186853 8.10547
-0.00186595 8.11523

-0.00186595 8.11523
-0.00186339 8.125

-0.00186339 8.125
-0.00186085 8.13477

-0.00186085 8.13477
-0.00185833 8.14453

-0.00185833 8.14453
-0.00185582 8.1543

-0.00185582 8.1543
-0.00185334 8.16406

-0.00185334 8.16406
-0.00185087 8.17383

-0.00185087 8.17383
-0.00184842 8.18359

-0.00184842 8.18359
-0.00184598 8.19336

-0.00184598 8.19336
-0.00184357 8.20312

-0.00184357 8.20312
-0.00184117 8.21289

-0.00184117 8.21289
-0.00183879 8.22266

-0.00183879 8.22266
-0.00183642 8.23242

-0.00183642 8.23242
-0.00183407 8.24219

-0.00183407 8.24219
-0.00183174 8.25195

-0.00183174 8.25195
-0.00182943 8.26172

-0.00182943 8.26172
-0.00182713 8.27148

-0.00182713 8.27148
-0.00182485 8.28125

-0.00182485 8.28125
-0.00182259 8.29102

-0.00182259 8.29102
-0.00182034 8.30078

-0.00182034 8.30078
-0.00181811 8.31055

-0.00181811 8.31055
-0.00181589 8.32031

-0.00181589 8.32031
-0.00181369 8.33008

-0.00181369 8.33008
-0.00181151 8.33984

-0.00181151 8.33984
-0.00180935 8.34961

-0.00180935 8.34961
-0.0018072 8.35938

-0.0018072 8.35938
-0.00180506 8.36914

-0.00180506 8.36914
-0.00180295 8.37891

-0.00180295 8.37891
-0.00180085 8.38867

-0.00180085 8.38867
-0.00179876 8.39844

-0.00179876 8.39844
-0.0017967 8.4082

-0.0017967 8.4082
-0.00179465 8.41797

-0.00179465 8.41797
-0.00179261 8.42773

-0.00179261 8.42773
-0.0017906 8.4375

-0.0017906 8.4375
-0.00178859 8.44727

-0.00178859 8.44727
-0.00178661 8.45703

-0.00178661 8.45703
-0.00178464 8.4668

-0.00178464 8.4668
-0.00178269 8.47656

-0.00178269 8.47656
-0.00178076 8.48633

-0.00178076 8.48633
-0.00177884 8.49609

-0.00177884 8.49609
-0.00177694 8.50586

-0.00177694 8.50586
-0.00177505 8.51562

-0.00177505 8.51562
-0.00177318 8.52539

-0.00177318 8.52539
-0.00177132 8.53516

-0.00177132 8.53516
-0.00176948 8.54492

-0.00176948 8.54492
-0.00176766 8.55469

-0.00176766 8.55469
-0.00176585 8.56445

-0.00176585 8.56445
-0.00176405 8.57422

-0.00176405 8.57422
-0.00176227 8.58398

-0.00176227 8.58398
-0.00176051 8.59375

-0.00176051 8.59375
-0.00175876 8.60352

-0.00175876 8.60352
-0.00175702 8.61328

-0.00175702 8.61328
-0.0017553 8.62305

-0.0017553 8.62305
-0.00175359 8.63281

-0.00175359 8.63281
-0.00175189 8.64258

-0.00175189 8.64258
-0.0017502 8.65234

-0.0017502 8.65234
-0.00174853 8.66211

-0.00174853 8.66211
-0.00174687 8.67188

-0.00174687 8.67188
-0.00174523 8.68164

-0.00174523 8.68164
-0.00174359 8.69141

-0.00174359 8.69141
-0.00174197 8.70117

-0.00174197 8.70117
-0.00174036 8.71094

-0.00174036 8.71094
-0.00173877 8.7207

-0.00173877 8.7207
-0.00173718 8.73047

-0.00173718 8.73047
-0.00173561 8.74023

-0.00173561 8.74023
-0.00173404 8.75

-0.00173404 8.75
-0.00173249 8.75977

-0.00173249 8.75977
-0.00173095 8.76953

-0.00173095 8.76953
-0.00172943 8.7793

-0.00172943 8.7793
-0.00172791 8.78906

-0.00172791 8.78906
-0.00172641 8.79883

-0.00172641 8.79883
-0.00172492 8.80859

-0.00172492 8.80859
-0.00172344 8.81836

-0.00172344 8.81836
-0.00172197 8.82812

-0.00172197 8.82812
-0.00172052 8.83789

-0.00172052 8.83789
-0.00171908 8.84766

-0.00171908 8.84766
-0.00171765 8.85742

-0.00171765 8.85742
-0.00171623 8.86719

-0.00171623 8.86719
-0.00171483 8.87695

-0.00171483 8.87695
-0.00171344 8.88672

-0.00171344 8.88672
-0.00171206 8.89648

-0.00171206 8.89648
-0.0017107 8.90625

-0.0017107 8.90625
-0.00170935 8.91602

-0.00170935 8.91602
-0.00170802 8.92578

-0.00170802 8.92578
-0.00170669 8.93555

-0.00170669 8.93555
-0.00170538 8.94531

-0.00170538 8.94531
-0.00170409 8.95508

-0.00170409 8.95508
-0.00170281 8.96484

-0.00170281 8.96484
-0.00170154 8.97461

-0.00170154 8.97461
-0.00170029 8.98438

-0.00170029 8.98438
-0.00169905 8.99414

-0.00169905 8.99414
-0.00169782 9.00391

-0.00169782 9.00391
-0.00169661 9.01367

-0.00169661 9.01367
-0.00169541 9.02344

-0.00169541 9.02344
-0.00169423 9.0332

-0.00169423 9.0332
-0.00169305 9.04297

-0.00169305 9.04297
-0.0016919 9.05273

-0.0016919 9.05273
-0.00169075 9.0625

-0.00169075 9.0625
-0.00168962 9.07227

-0.00168962 9.07227
-0.0016885 9.08203

-0.0016885 9.08203
-0.00168739 9.0918

-0.00168739 9.0918
-0.00168629 9.10156

-0.00168629 9.10156
-0.00168521 9.11133

-0.00168521 9.11133
-0.00168414 9.12109

-0.00168414 9.12109
-0.00168308 9.13086

-0.00168308 9.13086
-0.00168203 9.14062

-0.00168203 9.14062
-0.00168099 9.15039

-0.00168099 9.15039
-0.00167996 9.16016

-0.00167996 9.16016
-0.00167894 9.16992

-0.00167894 9.16992
-0.00167793 9.17969

-0.00167793 9.17969
-0.00167693 9.18945

-0.00167693 9.18945
-0.00167594 9.19922

-0.00167594 9.19922
-0.00167495 9.20898

-0.00167495 9.20898
-0.00167398 9.21875

-0.00167398 9.21875
-0.00167302 9.22852

-0.00167302 9.22852
-0.00167206 9.23828

-0.00167206 9.23828
-0.00167111 9.24805

-0.00167111 9.24805
-0.00167017 9.25781

-0.00167017 9.25781
-0.00166923 9.26758

-0.00166923 9.26758
-0.0016683 9.27734

-0.0016683 9.27734
-0.00166738 9.28711

-0.00166738 9.28711
-0.00166647 9.29688

-0.00166647 9.29688
-0.00166556 9.30664

-0.00166556 9.30664
-0.00166466 9.31641

-0.00166466 9.31641
-0.00166376 9.32617

-0.00166376 9.32617
-0.00166287 9.33594

-0.00166287 9.33594
-0.00166199 9.3457

-0.00166199 9.3457
-0.00166111 9.35547

-0.00166111 9.35547
-0.00166024 9.36523

-0.00166024 9.36523
-0.00165938 9.375

-0.00165938 9.375
-0.00165852 9.38477

-0.00165852 9.38477
-0.00165767 9.39453

-0.00165767 9.39453
-0.00165682 9.4043

-0.00165682 9.4043
-0.00165598 9.41406

-0.00165598 9.41406
-0.00165515 9.42383

-0.00165515 9.42383
-0.00165432 9.43359

-0.00165432 9.43359
-0.0016535 9.44336

-0.0016535 9.44336
-0.00165269 9.45312

-0.00165269 9.45312
-0.00165189 9.46289

-0.00165189 9.46289
-0.00165109 9.47266

-0.00165109 9.47266
-0.0016503 9.48242

-0.0016503 9.48242
-0.00164951 9.49219

-0.00164951 9.49219
-0.00164874 9.50195

-0.00164874 9.50195
-0.00164797 9.51172

-0.00164797 9.51172
-0.00164722 9.52148

-0.00164722 9.52148
-0.00164647 9.53125

-0.00164647 9.53125
-0.00164573 9.54102

-0.00164573 9.54102
-0.001645 9.55078

-0.001645 9.55078
-0.00164428 9.56055

-0.00164428 9.56055
-0.00164357 9.57031

-0.00164357 9.57031
-0.00164287 9.58008

-0.00164287 9.58008
-0.00164218 9.58984

-0.00164218 9.58984
-0.0016415 9.59961

-0.0016415 9.59961
-0.00164084 9.60938

-0.00164084 9.60938
-0.00164018 9.61914

-0.00164018 9.61914
-0.00163954 9.62891

-0.00163954 9.62891
-0.00163891 9.63867

-0.00163891 9.63867
-0.0016383 9.64844

-0.0016383 9.64844
-0.00163769 9.6582

-0.00163769 9.6582
-0.0016371 9.66797

-0.0016371 9.66797
-0.00163652 9.67773

-0.00163652 9.67773
-0.00163596 9.6875

-0.00163596 9.6875
-0.00163541 9.69727

-0.00163541 9.69727
-0.00163488 9.70703

-0.00163488 9.70703
-0.00163436 9.7168

-0.00163436 9.7168
-0.00163386 9.72656

-0.00163386 9.72656
-0.00163337 9.73633

-0.00163337 9.73633
-0.00163289 9.74609

-0.00163289 9.74609
-0.00163244 9.75586

-0.00163244 9.75586
-0.001632 9.76562

-0.001632 9.76562
-0.00163157 9.77539

-0.00163157 9.77539
-0.00163116 9.78516

-0.00163116 9.78516
-0.00163077 9.79492

-0.00163077 9.79492
-0.0016304 9.80469

-0.0016304 9.80469
-0.00163004 9.81445

-0.00163004 9.81445
-0.0016297 9.82422

-0.0016297 9.82422
-0.00162938 9.83398

-0.00162938 9.83398
-0.00162907 9.84375

-0.00162907 9.84375
-0.00162879 9.85352

-0.00162879 9.85352
-0.00162852 9.86328

-0.00162852 9.86328
-0.00162827 9.87305

-0.00162827 9.87305
-0.00162803 9.88281

-0.00162803 9.88281
-0.00162782 9.89258

-0.00162782 9.89258
-0.00162762 9.90234

-0.00162762 9.90234
-0.00162745 9.91211

-0.00162745 9.91211
-0.00162729 9.92188

-0.00162729 9.92188
-0.00162715 9.93164

-0.00162715 9.93164
-0.00162702 9.94141

-0.00162702 9.94141
-0.00162692 9.95117

-0.00162692 9.95117
-0.00162684 9.96094

-0.00162684 9.96094
-0.00162677 9.9707

-0.00162677 9.9707
-0.00162672 9.98047

-0.00162672 9.98047
-0.0016267 9.99023

-0.0016267 9.99023
-0.00162669 10

