-0.472656 0.311498
-0.462891 0.305175

-0.453125 0.299061
-0.443359 0.293174

-0.423828 0.281999
-0.414062 0.276674

-0.404297 0.271521
-0.394531 0.266524

-0.384766 0.261681
-0.375 0.256976

-0.619379 0.458984
-0.624647 0.46875

-0.600647 0.429688
-0.607394 0.439453

-0.648835 0.537109
-0.650609 0.546875

-0.629434 0.478516
-0.633765 0.488281

-0.633757 0.488281
-0.637637 0.498047

-0.641074 0.507812
-0.644079 0.517578

-0.644076 0.517578
-0.646662 0.527344

-0.650608 0.546875
-0.651986 0.556641

-0.651983 0.556641
-0.652972 0.566406

-0.652969 0.566406
-0.653582 0.576172

-0.65358 0.576172
-0.653827 0.585938

-0.653825 0.585938
-0.653717 0.595703

-0.653713 0.595703
-0.653262 0.605469

-0.653258 0.605469
-0.652481 0.615234

-0.652478 0.615234
-0.651389 0.625

-0.501953 0.332004
-0.492188 0.324886

-0.511719 0.339416
-0.502001 0.332031

-0.651385 0.625
-0.649994 0.634766

-0.648311 0.644531
-0.646356 0.654297

-0.64635 0.654297
-0.644132 0.664062

-0.644128 0.664062
-0.641669 0.673828

-0.641663 0.673828
-0.638986 0.683594

-0.636093 0.693359
-0.633002 0.703125

-0.632994 0.703125
-0.629732 0.712891

-0.626304 0.722656
-0.622728 0.732422

-0.619016 0.742188
-0.615188 0.751953

-0.615183 0.751953
-0.611247 0.761719

-0.60721 0.771484
-0.603084 0.78125

-0.598876 0.791016
-0.594594 0.800781

-0.594591 0.800781
-0.59024 0.810547

-0.585824 0.820312
-0.581346 0.830078

-0.576808 0.839844
-0.572209 0.849609

-0.567551 0.859375
-0.562832 0.869141

-0.55805 0.878906
-0.553204 0.888672

-0.548293 0.898438
-0.543316 0.908203

-0.53827 0.917969
-0.533155 0.927734

-0.527969 0.9375
-0.522711 0.947266

-0.51738 0.957031
-0.511977 0.966797

-0.50096 0.986328
-0.495349 0.996094

-0.489671 1.00586
-0.483933 1.01562

-0.472284 1.03516
-0.466384 1.04492

-0.460434 1.05469
-0.454444 1.06445

-0.44235 1.08398
-0.436256 1.09375

-0.430129 1.10352
-0.423981 1.11328

-0.411617 1.13281
-0.405408 1.14258

-0.392942 1.16211
-0.386691 1.17188

-0.316406 0.231453
-0.306641 0.2276

-0.365234 0.252414
-0.355469 0.247976

-0.345703 0.24367
-0.335938 0.239485

-0.335938 0.239482
-0.326172 0.235409

-0.296875 0.223855
-0.287109 0.220204

-0.287109 0.220202
-0.277344 0.216646

-0.267578 0.213185
-0.257812 0.209811

-0.257812 0.209812
-0.248047 0.206526

-0.238281 0.203326
-0.228516 0.200205

-0.228516 0.200206
-0.21875 0.197164

-0.208984 0.194199
-0.199219 0.191304

-0.199219 0.191303
-0.189453 0.18848

-0.189453 0.188482
-0.179688 0.185728

-0.169922 0.183039
-0.160156 0.180416

-0.160156 0.180417
-0.150391 0.177857

-0.140625 0.175359
-0.130859 0.172919

-0.130859 0.172919
-0.121094 0.170536

-0.121094 0.170537
-0.111328 0.168211

-0.101562 0.165938
-0.0917969 0.163716

-0.0917969 0.163717
-0.0820312 0.161547

-0.0820312 0.161548
-0.0722656 0.159429

-0.0722656 0.159431
-0.0625 0.15736

-0.0527344 0.155333
-0.0429688 0.153354

-0.0429688 0.153356
-0.0332031 0.151423

-0.0332031 0.151423
-0.0234375 0.149534

-0.0234375 0.149535
-0.0136719 0.147686

-0.00390625 0.145875
0.00585938 0.144105

0.00585938 0.144107
0.015625 0.142378

0.015625 0.142377
0.0253906 0.140687

0.0253906 0.14069
0.0351562 0.139034

0.0351562 0.139034
0.0449219 0.13741

0.0546875 0.13582
0.0644531 0.134266

0.0644531 0.134267
0.0742188 0.132748

0.0742188 0.132749
0.0839844 0.131261

0.0839844 0.131261
0.09375 0.129803

0.09375 0.129804
0.103516 0.128375

0.103516 0.128376
0.113281 0.12697

0.123047 0.125591
0.113375 0.126953

0.123047 0.125593
0.132812 0.124251

0.132812 0.124252
0.142578 0.122937

0.142578 0.122937
0.152344 0.121648

0.152344 0.121648
0.162109 0.120383

0.162109 0.120384
0.171875 0.119141

0.191406 0.116714
0.201172 0.11554

0.201172 0.115542
0.210938 0.114394

0.171875 0.119139
0.181641 0.117916

0.210938 0.114394
0.220703 0.113268

0.220703 0.113269
0.230469 0.112162

0.230469 0.112161
0.240234 0.111075

0.240234 0.111077
0.25 0.110008

-0.374157 1.19141
-0.367881 1.20117

-0.361597 1.21094
-0.355469 1.22046

-0.355316 1.2207
-0.349034 1.23047

-0.34275 1.24023
-0.336474 1.25

-0.32394 1.26953
-0.317688 1.2793

-0.305221 1.29883
-0.299012 1.30859

-0.286648 1.32812
-0.280499 1.33789

-0.274371 1.34766
-0.26827 1.35742

-0.25615 1.37695
-0.250135 1.38672

-0.244148 1.39648
-0.238281 1.40611

-0.238199 1.40625
-0.232284 1.41602

-0.226405 1.42578
-0.220563 1.43555

-0.214758 1.44531
-0.208998 1.45508

-0.208984 1.4551
-0.203281 1.46484

-0.197606 1.47461
-0.191976 1.48438

-0.186391 1.49414
-0.180854 1.50391

-0.175365 1.51367
-0.169929 1.52344

-0.169922 1.52345
-0.164545 1.5332

-0.15921 1.54297
-0.153929 1.55273

-0.148702 1.5625
-0.143532 1.57227

-0.138417 1.58203
-0.133361 1.5918

-0.128361 1.60156
-0.123422 1.61133

-0.118542 1.62109
-0.113723 1.63086

-0.108966 1.64062
-0.104271 1.65039

-0.0996384 1.66016
-0.0950696 1.66992

-0.0905651 1.67969
-0.086126 1.68945

-0.0817527 1.69922
-0.0774466 1.70898

-0.0774464 1.70898
-0.0732059 1.71875

-0.0690319 1.72852
-0.0649272 1.73828

-0.0608912 1.74805
-0.0569242 1.75781

-0.0569239 1.75781
-0.0530261 1.76758

-0.0491983 1.77734
-0.0454415 1.78711

-0.041756 1.79688
-0.0381415 1.80664

-0.0381409 1.80664
-0.0345976 1.81641

-0.0311269 1.82617
-0.0277293 1.83594

-0.0277293 1.83594
-0.0244045 1.8457

-0.0211528 1.85547
-0.0179752 1.86523

-0.0179752 1.86523
-0.0148714 1.875

-0.0118414 1.88477
-0.00888639 1.89453

-0.00888641 1.89453
-0.00600643 1.9043

-0.00320202 1.91406
-0.000472915 1.92383

-0.000472687 1.92383
0.00218128 1.93359

0.00218149 1.93359
0.00475942 1.94336

0.00726081 1.95312
0.00968604 1.96289

0.00968619 1.96289
0.012035 1.97266

0.0120351 1.97266
0.0143072 1.98242

0.0165022 1.99219
0.0186202 2.00195

0.0186204 2.00195
0.0206612 2.01172

0.0206612 2.01172
0.0226246 2.02148

0.0226247 2.02148
0.0245106 2.03125

0.0263187 2.04102
0.0280491 2.05078

0.0280493 2.05078
0.0297018 2.06055

0.0297017 2.06055
0.0312763 2.07031

0.0312763 2.07031
0.032773 2.08008

0.032773 2.08008
0.0341918 2.08984

0.0355323 2.09961
0.0367944 2.10938

0.0367946 2.10938
0.0379787 2.11914

0.0379787 2.11914
0.0390845 2.12891

0.0390845 2.12891
0.0401117 2.13867

0.0401117 2.13867
0.0410607 2.14844

0.0410607 2.14844
0.0419315 2.1582

0.0419316 2.1582
0.0427242 2.16797

0.0427242 2.16797
0.0434386 2.17773

0.0434386 2.17773
0.0440748 2.1875

0.0440747 2.1875
0.0446328 2.19727

0.045112 2.20703
0.0455136 2.2168

0.045514 2.2168
0.0458382 2.22656

0.0458381 2.22656
0.0460845 2.23633

0.0460844 2.23633
0.0462534 2.24609

0.0462533 2.24609
0.046345 2.25586

0.0463449 2.25586
0.0463596 2.26562

0.0463595 2.26562
0.0462975 2.27539

0.0462974 2.27539
0.046159 2.28516

0.0461589 2.28516
0.0459444 2.29492

0.0459444 2.29492
0.0456542 2.30469

0.0456541 2.30469
0.0452888 2.31445

0.0448485 2.32422
0.0443346 2.33398

0.0443346 2.33398
0.0437469 2.34375

0.0437468 2.34375
0.0430857 2.35352

0.0430856 2.35352
0.0423519 2.36328

0.0423517 2.36328
0.0415462 2.37305

0.041546 2.37305
0.0406696 2.38281

0.0406694 2.38281
0.0397229 2.39258

0.0397226 2.39258
0.0387068 2.40234

0.0387064 2.40234
0.0376227 2.41211

0.0376224 2.41211
0.0364723 2.42188

0.0339776 2.44141
0.0326366 2.45117

0.0326363 2.45117
0.0312343 2.46094

0.0364718 2.42188
0.0352568 2.43164

0.031234 2.46094
0.0297723 2.4707

0.0297717 2.4707
0.0282521 2.48047

0.0282513 2.48047
0.0266764 2.49023

0.25 0.110007
0.259766 0.108952

0.259766 0.108952
0.269531 0.107913

0.279297 0.10689
0.289062 0.105892

0.289062 0.105894
0.298828 0.104916

0.298828 0.104917
0.308594 0.103956

0.308594 0.103956
0.318359 0.10301

0.318359 0.103009
0.328125 0.10208

0.328125 0.102083
0.337891 0.101166

0.337891 0.101165
0.347656 0.100258

0.347656 0.100258
0.357422 0.0993618

0.357422 0.0993609
0.367188 0.0984775

0.376953 0.0976004
0.386719 0.0967425

0.386719 0.0967456
0.396484 0.0959094

0.396484 0.0959102
0.40625 0.0950877

0.40625 0.0950878
0.416016 0.0942774

0.416016 0.0942774
0.425781 0.0934789

0.425781 0.0934798
0.435547 0.0926915

0.435547 0.0926904
0.445312 0.0919126

0.445312 0.0919148
0.455078 0.0911451

0.455078 0.0911442
0.464844 0.0903801

0.464844 0.0903798
0.474609 0.089624

0.474609 0.0896238
0.484375 0.0888772

0.484375 0.0888774
0.494141 0.0881398

0.503906 0.0874128
0.513672 0.0867086

0.513672 0.0867102
0.523438 0.0860237

0.523438 0.0860241
0.533203 0.0853515

0.533203 0.0853516
0.542969 0.0846918

0.542969 0.0846921
0.552734 0.0840442

0.552734 0.0840443
0.5625 0.0834075

0.5625 0.0834079
0.572266 0.0827812

0.572266 0.0827809
0.582031 0.0821642

0.582031 0.0821662
0.591797 0.0815558

0.591797 0.0815545
0.601562 0.0809491

0.601562 0.080949
0.611328 0.0803513

0.611328 0.0803512
0.621094 0.0797617

0.621094 0.0797615
0.630859 0.0791806

0.630859 0.0791793
0.640625 0.0786097

0.650391 0.0780462
0.660156 0.077506

0.660156 0.0775093
0.669922 0.0769932

0.669922 0.076994
0.679688 0.0764935

0.679688 0.0764938
0.689453 0.0760068

0.689453 0.0760073
0.699219 0.0755322

0.699219 0.0755328
0.708984 0.0750675

0.708984 0.0750681
0.71875 0.0746104

0.71875 0.074611
0.728516 0.0741585

0.728516 0.074159
0.738281 0.0737094

0.738281 0.0737105
0.748047 0.0732604

0.748047 0.0732598
0.757812 0.0728081

0.757812 0.0728111
0.767578 0.0723532

0.767578 0.0723528
0.777344 0.0718835

0.777344 0.0718837
0.787109 0.0714034

0.787109 0.0714035
0.796875 0.0709115

0.796875 0.0709115
0.806641 0.0704077

0.806641 0.0704075
0.816406 0.0698923

0.816406 0.069892
0.826172 0.0693665

0.826172 0.0693648
0.835938 0.0688328

0.845703 0.0682885
0.855469 0.0677545

0.855469 0.0677574
0.865234 0.0672369

0.865234 0.0672369
0.875 0.0667244

0.875 0.0667238
0.884766 0.0662202

0.884766 0.0662198
0.894531 0.0657274

0.894531 0.065727
0.904297 0.0652473

0.904297 0.065247
0.914062 0.0647814

0.914062 0.0647812
0.923828 0.0643305

0.923828 0.0643303
0.933594 0.0638952

0.933594 0.0638959
0.943359 0.0634756

0.943359 0.0634745
0.953125 0.0630698

0.953125 0.0630726
0.962891 0.0626802

0.962891 0.0626797
0.972656 0.062295

0.972656 0.0622953
0.982422 0.0619184

0.982422 0.0619189
0.992188 0.0615481

0.992188 0.0615488
1.00195 0.0611817

1.00195 0.0611823
1.01172 0.0608165

1.01172 0.060817
1.02148 0.0604503

1.02148 0.0604508
1.03125 0.0600812

1.03125 0.0600815
1.04102 0.0597077

1.04102 0.059708
1.05078 0.0593289

1.05078 0.0593279
1.06055 0.0589451

1.07031 0.0585517
1.08008 0.0581656

1.08008 0.0581686
1.08984 0.0577927

1.08984 0.0577934
1.09961 0.0574202

1.09961 0.0574202
1.10938 0.0570481

1.10938 0.0570481
1.11914 0.056677

1.11914 0.056677
1.12891 0.0563068

1.12891 0.0563068
1.13867 0.0559375

1.13867 0.0559374
1.14844 0.0555695

1.14844 0.0555693
1.1582 0.0552036

1.1582 0.0552033
1.16797 0.0548406

1.16797 0.0548403
1.17773 0.054482

1.17773 0.0544815
1.1875 0.0541292

1.1875 0.0541292
1.19727 0.0537836

1.19727 0.0537815
1.20703 0.0534471

1.20703 0.0534504
1.2168 0.0531248

1.2168 0.0531236
1.22656 0.0528028

1.22656 0.0528022
1.23633 0.0524899

1.23633 0.0524894
1.24609 0.0521881

1.24609 0.0521879
1.25586 0.0518987

1.25586 0.0518985
1.26562 0.0516222

1.26562 0.0516222
1.27539 0.0513589

1.27539 0.0513591
1.28516 0.0511084

1.28516 0.0511088
1.29492 0.0508692

1.29492 0.0508699
1.30469 0.0506392

1.30469 0.05064
1.31445 0.0504152

1.31445 0.0504161
1.32422 0.0501937

1.32422 0.0501946
1.33398 0.0499712

1.33398 0.049972
1.34375 0.049744

1.34375 0.0497446
1.35352 0.0495092

1.35352 0.0495096
1.36328 0.049265

1.36328 0.0492646
1.37305 0.049011

1.38281 0.048744
1.39258 0.0484877

1.39258 0.0484901
1.40234 0.0482449

1.40234 0.0482455
1.41211 0.0480053

1.41211 0.0480055
1.42188 0.0477686

1.42188 0.0477687
1.43164 0.0475346

1.43164 0.0475348
1.44141 0.047303

1.44141 0.0473032
1.45117 0.047073

1.45117 0.0470732
1.46094 0.046844

1.46094 0.0468441
1.4707 0.0466152

1.4707 0.0466153
1.48047 0.0463862

1.48047 0.0463863
1.49023 0.0461566

1.49023 0.0461566
1.5 0.045926

0.0143016 2.55859
0.0123761 2.56836

0.0123749 2.56836
0.0104189 2.57812

0.010418 2.57812
0.00843578 2.58789

0.00843472 2.58789
0.00643014 2.59766

0.00440705 2.60742
0.00237283 2.61719

0.0023713 2.61719
0.000327263 2.62695

0.000325786 2.62695
-0.00172206 2.63672

-0.00172357 2.63672
-0.00376926 2.64648

0.0250481 2.5
0.0233703 2.50977

0.0233699 2.50977
0.0216433 2.51953

0.0216425 2.51953
0.0198695 2.5293

0.0198688 2.5293
0.0180527 2.53906

0.0180519 2.53906
0.0161955 2.54883

-0.00580973 2.65625
-0.00783643 2.66602

-0.00783796 2.66602
-0.00984784 2.67578

-0.00984981 2.67578
-0.0118359 2.68555

-0.0137941 2.69531
-0.0157136 2.70508

-0.0157151 2.70508
-0.0175931 2.71484

-0.0175947 2.71484
-0.019425 2.72461

-0.0194265 2.72461
-0.021203 2.73438

-0.0245729 2.75391
-0.0261478 2.76367

-0.0261495 2.76367
-0.0276475 2.77344

-0.027649 2.77344
-0.0290638 2.7832

-0.0290653 2.7832
-0.030391 2.79297

-0.0303921 2.79297
-0.0316236 2.80273

-0.0316247 2.80273
-0.0327577 2.8125

-0.0212044 2.73438
-0.0229214 2.74414

-0.0337873 2.82227
-0.0347068 2.83203

-0.0347078 2.83203
-0.0355175 2.8418

-0.0355182 2.8418
-0.0362149 2.85156

-0.0362154 2.85156
-0.036797 2.86133

-0.0367973 2.86133
-0.0372621 2.87109

-0.0372623 2.87109
-0.0376091 2.88086

-0.0376091 2.88086
-0.0378376 2.89062

-0.0378374 2.89062
-0.0379479 2.90039

-0.0379476 2.90039
-0.0379412 2.91016

-0.0379407 2.91016
-0.0378189 2.91992

-0.0378182 2.91992
-0.0375833 2.92969

-0.0375825 2.92969
-0.0372377 2.93945

-0.0372367 2.93945
-0.0367858 2.94922

-0.0367847 2.94922
-0.036232 2.95898

-0.0362307 2.95898
-0.0355811 2.96875

-0.0355797 2.96875
-0.0348386 2.97852

-0.0348369 2.97852
-0.0340106 2.98828

-0.0331027 2.99805
-0.0321254 3.00781

-0.0321235 3.00781
-0.0310798 3.01758

-0.031078 3.01758
-0.0299754 3.02734

-0.0299735 3.02734
-0.0288196 3.03711

-0.0288177 3.03711
-0.0276201 3.04688

-0.0276181 3.04688
-0.0263845 3.05664

-0.0263825 3.05664
-0.0251211 3.06641

-0.025119 3.06641
-0.0238379 3.07617

-0.0225409 3.08594
-0.0212409 3.0957

-0.0212391 3.0957
-0.0199399 3.10547

-0.0199382 3.10547
-0.018647 3.11523

-0.0186453 3.11523
-0.0173688 3.125

-0.0173672 3.125
-0.0161118 3.13477

-0.0161103 3.13477
-0.0148823 3.14453

-0.0148808 3.14453
-0.013686 3.1543

-0.0136719 3.15441
-0.0125285 3.16406

-0.0125272 3.16406
-0.0114133 3.17383

-0.0114122 3.17383
-0.0103455 3.18359

-0.0103445 3.18359
-0.00932934 3.19336

-0.00932845 3.19336
-0.00836866 3.20312

-0.00836786 3.20312
-0.00746681 3.21289

-0.00746612 3.21289
-0.00662677 3.22266

-0.00662617 3.22266
-0.00585111 3.23242

-0.0058506 3.23242
-0.00514207 3.24219

-0.00514168 3.24219
-0.00450145 3.25195

-0.00450123 3.25195
-0.00393054 3.26172

-0.00390625 3.26219
-0.00343025 3.27148

-0.00343007 3.27148
-0.00300128 3.28125

-0.00300124 3.28125
-0.00264399 3.29102

-0.00264407 3.29102
-0.00235831 3.30078

-0.00235847 3.30078
-0.00214372 3.31055

-0.00214398 3.31055
-0.00199939 3.32031

-0.00199974 3.32031
-0.00192409 3.33008

-0.00192451 3.33008
-0.00191626 3.33984

-0.00191681 3.33984
-0.00197399 3.34961

-0.00197464 3.34961
-0.00209486 3.35938

-0.00209551 3.35938
-0.00227619 3.36914

-0.00227706 3.36914
-0.00251517 3.37891

-0.00251618 3.37891
-0.00280795 3.38867

-0.00280868 3.38867
-0.00315059 3.39844

-0.00397062 3.41797
-0.0044347 3.42773

-0.0044357 3.42773
-0.00493307 3.4375

-0.00315174 3.39844
-0.00354004 3.4082

-0.0049344 3.4375
-0.00546043 3.44727

-0.00546179 3.44727
-0.00601111 3.45703

-0.00601251 3.45703
-0.00657957 3.4668

-0.00658102 3.4668
-0.00716011 3.47656

-0.0071616 3.47656
-0.00774683 3.48633

-0.00774835 3.48633
-0.0083337 3.49609

-0.00833524 3.49609
-0.00891459 3.50586

-0.00891611 3.50586
-0.00948335 3.51562

-0.00948484 3.51562
-0.010034 3.52539

-0.0100354 3.52539
-0.0105606 3.53516

-0.0105619 3.53516
-0.0110576 3.54492

-0.0110588 3.54492
-0.0115198 3.55469

-0.011521 3.55469
-0.0119427 3.56445

-0.0119436 3.56445
-0.0123219 3.57422

-0.0123227 3.57422
-0.0126538 3.58398

-0.0126545 3.58398
-0.0129357 3.59375

-0.0129361 3.59375
-0.0131651 3.60352

-0.0131654 3.60352
-0.0133406 3.61328

-0.0133407 3.61328
-0.0134615 3.62305

-0.0134615 3.62305
-0.0135278 3.63281

-0.0135275 3.63281
-0.0135401 3.64258

-0.0135397 3.64258
-0.0134996 3.65234

-0.0134991 3.65234
-0.0134083 3.66211

-0.0134076 3.66211
-0.0132685 3.67188

-0.0132677 3.67188
-0.0130834 3.68164

-0.0130824 3.68164
-0.0128563 3.69141

-0.0128553 3.69141
-0.0125914 3.70117

-0.0125902 3.70117
-0.0122927 3.71094

-0.0122915 3.71094
-0.011965 3.7207

-0.0119638 3.7207
-0.0116129 3.73047

-0.0116117 3.73047
-0.0112414 3.74023

-0.0112401 3.74023
-0.0108553 3.75

-0.0108541 3.75
-0.0104598 3.75977

-0.0104586 3.75977
-0.0100596 3.76953

-0.0100584 3.76953
-0.00965958 3.7793

-0.00965847 3.7793
-0.00926428 3.78906

-0.00926324 3.78906
-0.00887806 3.79883

-0.0088771 3.79883
-0.00850494 3.80859

-0.00850406 3.80859
-0.00814862 3.81836

-0.00814783 3.81836
-0.00781246 3.82812

-0.00781177 3.82812
-0.00749942 3.83789

-0.00749884 3.83789
-0.00721205 3.84766

-0.00721158 3.84766
-0.00695248 3.85742

-0.00695212 3.85742
-0.0067224 3.86719

-0.00672214 3.86719
-0.00652303 3.87695

-0.00652289 3.87695
-0.0063552 3.88672

-0.00635516 3.88672
-0.00621925 3.89648

-0.00621932 3.89648
-0.00611512 3.90625

-0.00611529 3.90625
-0.00604232 3.91602

-0.00604259 3.91602
-0.00599996 3.92578

-0.00600033 3.92578
-0.00598675 3.93555

-0.00598721 3.93555
-0.00600105 3.94531

-0.00600158 3.94531
-0.00604086 3.95508

-0.00604147 3.95508
-0.00610389 3.96484

-0.00610457 3.96484
-0.00618755 3.97461

-0.00618829 3.97461
-0.00628903 3.98438

-0.0062898 3.98438
-0.00640529 3.99414

-0.00640609 3.99414
-0.00653315 4.00391

-0.00653398 4.00391
-0.00666935 4.01367

-0.00667018 4.01367
-0.00681053 4.02344

-0.00681135 4.02344
-0.00695336 4.0332

-0.00695417 4.0332
-0.00709458 4.04297

-0.00709535 4.04297
-0.00723103 4.05273

-0.00723174 4.05273
-0.00735972 4.0625

-0.00736037 4.0625
-0.00747789 4.07227

-0.00747847 4.07227
-0.00758308 4.08203

-0.00758357 4.08203
-0.00767312 4.0918

-0.00767352 4.0918
-0.00774623 4.10156

-0.00774653 4.10156
-0.00780101 4.11133

-0.0078012 4.11133
-0.00783648 4.12109

-0.00783656 4.12109
-0.00785209 4.13086

-0.00785206 4.13086
-0.00784773 4.14062

-0.0078476 4.14062
-0.00782372 4.15039

-0.00782349 4.15039
-0.00778077 4.16016

-0.00778045 4.16016
-0.00772 4.16992

-0.0077196 4.16992
-0.00764284 4.17969

-0.00764238 4.17969
-0.00755105 4.18945

-0.00755053 4.18945
-0.0074466 4.19922

-0.00744604 4.19922
-0.00733169 4.20898

-0.0073311 4.20898
-0.00720861 4.21875

-0.00720801 4.21875
-0.00707976 4.22852

-0.00707916 4.22852
-0.00694754 4.23828

-0.00694696 4.23828
-0.00681431 4.24805

-0.00681376 4.24805
-0.00668235 4.25781

-0.00668184 4.25781
-0.00655377 4.26758

-0.00655332 4.26758
-0.00643054 4.27734

-0.00643014 4.27734
-0.00631436 4.28711

-0.00631403 4.28711
-0.00620671 4.29688

-0.00620645 4.29688
-0.00610877 4.30664

-0.00610858 4.30664
-0.00602146 4.31641

-0.00602135 4.31641
-0.0059454 4.32617

-0.00594535 4.32617
-0.00588091 4.33594

-0.00588093 4.33594
-0.00582802 4.3457

-0.00582811 4.3457
-0.00578651 4.35547

-0.00578666 4.35547
-0.00575587 4.36523

-0.00575607 4.36523
-0.00573538 4.375

-0.00573563 4.375
-0.00572411 4.38477

-0.00572441 4.38477
-0.00572096 4.39453

-0.00572129 4.39453
-0.00572468 4.4043

-0.00572503 4.4043
-0.00573393 4.41406

-0.00573428 4.41406
-0.00574729 4.42383

-0.00574765 4.42383
-0.00576335 4.43359

-0.00576369 4.43359
-0.00578067 4.44336

-0.005781 4.44336
-0.00579791 4.45312

-0.00579821 4.45312
-0.00581378 4.46289

-0.00581405 4.46289
-0.00582713 4.47266

-0.00582736 4.47266
-0.00583695 4.48242

-0.00583713 4.48242
-0.00584239 4.49219

-0.00584253 4.49219
-0.0058428 4.50195

-0.00584289 4.50195
-0.0058377 4.51172

-0.00583774 4.51172
-0.00582681 4.52148

-0.00582681 4.52148
-0.00581006 4.53125

-0.00581002 4.53125
-0.00578755 4.54102

-0.00578746 4.54102
-0.00575954 4.55078

-0.00575942 4.55078
-0.00572647 4.56055

-0.00572632 4.56055
-0.00568888 4.57031

-0.00568871 4.57031
-0.00564744 4.58008

-0.00564725 4.58008
-0.00560289 4.58984

-0.00560269 4.58984
-0.00555603 4.59961

-0.00555582 4.59961
-0.00550765 4.60938

-0.00550745 4.60938
-0.00545858 4.61914

-0.00545839 4.61914
-0.0054096 4.62891

-0.00540942 4.62891
-0.00536142 4.63867

-0.00536127 4.63867
-0.00531472 4.64844

-0.00531459 4.64844
-0.00527006 4.6582

-0.00526995 4.6582
-0.0052279 4.66797

-0.00522782 4.66797
-0.0051886 4.67773

-0.00518855 4.67773
-0.00515241 4.6875

-0.00515239 4.6875
-0.00511945 4.69727

-0.00511946 4.69727
-0.00508974 4.70703

-0.00508978 4.70703
-0.00506319 4.7168

-0.00506325 4.7168
-0.00503962 4.72656

-0.0050397 4.72656
-0.00501876 4.73633

-0.00501885 4.73633
-0.00500026 4.74609

-0.00500036 4.74609
-0.00498375 4.75586

-0.00498386 4.75586
-0.00496879 4.76562

-0.0049689 4.76562
-0.00495495 4.77539

-0.00495506 4.77539
-0.00494178 4.78516

-0.00494188 4.78516
-0.00492885 4.79492

-0.00492895 4.79492
-0.00491578 4.80469

-0.00491586 4.80469
-0.00490219 4.81445

-0.00490226 4.81445
-0.0048878 4.82422

-0.00488786 4.82422
-0.00487237 4.83398

-0.0048724 4.83398
-0.00485571 4.84375

-0.00485573 4.84375
-0.00483773 4.85352

-0.00483773 4.85352
-0.00481839 4.86328

-0.00481837 4.86328
-0.00479771 4.87305

-0.00479768 4.87305
-0.00477578 4.88281

-0.00477574 4.88281
-0.00475273 4.89258

-0.00475268 4.89258
-0.00472873 4.90234

-0.00472868 4.90234
-0.004704 4.91211

-0.00470395 4.91211
-0.00467876 4.92188

-0.00467871 4.92188
-0.00465324 4.93164

-0.00465319 4.93164
-0.00462768 4.94141

-0.00462762 4.94141
-0.00460228 4.95117

-0.00460224 4.95117
-0.00457726 4.96094

-0.00457722 4.96094
-0.00455278 4.9707

-0.00455275 4.9707
-0.00452898 4.98047

-0.00452896 4.98047
-0.00450597 4.99023

-0.00450596 4.99023
-0.00448381 5

1.5 0.045926
1.50977 0.0456943

1.50977 0.0456943
1.51953 0.0454615

1.51953 0.0454615
1.5293 0.0452275

1.5293 0.0452274
1.53906 0.0449925

1.53906 0.0449924
1.54883 0.0447568

1.54883 0.0447567
1.55859 0.0445208

1.55859 0.0445205
1.56836 0.044285

1.56836 0.044285
1.57812 0.0440503

1.57812 0.0440479
1.58789 0.0438188

1.58789 0.0438221
1.59766 0.0435969

1.59766 0.0435956
1.60742 0.0433699

1.60742 0.0433687
1.61719 0.0431477

1.61719 0.0431463
1.62695 0.0429351

1.62695 0.0429339
1.63672 0.0427378

1.63672 0.0427365
1.64648 0.0425602

1.64648 0.0425593
1.65625 0.0424072

1.65625 0.0424069
1.66602 0.0422814

1.66602 0.0422819
1.67578 0.0421826

1.67578 0.042184
1.68555 0.0421071

1.68555 0.0421094
1.69531 0.0420474

1.69531 0.0420507
1.70508 0.0419922

1.70508 0.0419962
1.71484 0.0419267

1.71484 0.0419312
1.72461 0.0418337

1.72461 0.0418382
1.73438 0.0416948

1.73438 0.0416991
1.74414 0.0414918

1.74414 0.0414956
1.75391 0.041208

1.75391 0.0412111
1.76367 0.0408293

1.76367 0.0408313
1.77344 0.0403448

1.79297 0.0390245
1.80273 0.038208

1.80273 0.0382064
1.8125 0.0373261

1.77344 0.0403442
1.7832 0.0397498

1.8125 0.0373181
1.82227 0.0363931

1.82227 0.0363815
1.83203 0.035451

1.83203 0.0354392
1.8418 0.0345499

1.8418 0.0345261
1.85156 0.0337494

1.85156 0.0337495
1.86133 0.0331327

1.86133 0.0331171
1.87109 0.0326907

1.87109 0.0326789
1.88086 0.0324978

1.88086 0.0324898
1.89062 0.0325937

1.89062 0.0325948
1.90039 0.0329972

1.90039 0.0330077
1.91016 0.0336854

1.91016 0.0337064
1.91992 0.0345961

1.91992 0.0346237
1.92969 0.0356282

1.92969 0.0356574
1.93945 0.036663

1.93945 0.0366856
1.94922 0.0375887

1.94922 0.0376049
1.95898 0.0383279

1.95898 0.0383246
1.96875 0.0388415

1.97852 0.03916
1.98828 0.039285

1.98828 0.0392534
1.99805 0.0392468

1.99805 0.0392071
2.00781 0.0392116

2.00781 0.0391709
2.01758 0.0393475

2.01758 0.0393167
2.02734 0.0398084

2.02734 0.0397972
2.03711 0.0406877

2.03711 0.0407049
2.04688 0.0419823

2.04688 0.0420316
2.05664 0.0435632

2.05664 0.0436117
2.06641 0.0452015

2.06641 0.0453021
2.07617 0.0466518

2.07617 0.046691
2.08594 0.0475213

2.08594 0.0475418
2.0957 0.0477333

2.0957 0.0477447
2.10547 0.0472335

2.10547 0.047244
2.11523 0.0459863

2.11523 0.0459846
2.125 0.0439628

2.14453 0.037437
2.1543 0.0330444

2.125 0.0439843
2.13477 0.0411587

2.16406 0.0278399
2.17383 0.0228068

2.18359 0.0180531
2.19336 0.015484

2.19336 0.0150395
2.20312 0.0156268

2.23242 0.0402477
2.24219 0.0488007

2.26172 0.0619897
2.27148 0.0667453

2.28125 0.0703331
2.29102 0.0729035

2.29102 0.0729011
2.30078 0.074461

2.30078 0.0744642
2.31055 0.0750122

2.31055 0.0750223
2.32031 0.0745317

2.32031 0.0745492
2.33008 0.072965

2.33008 0.0730044
2.33984 0.0702127

2.34961 0.0662023
2.35938 0.060325

2.39169 0
2.39101 0.00976562

2.39103 0.00976562
2.38894 0.0195312

2.38544 0.0292969
2.38004 0.0390625

-0.0044838 5
-0.00446252 5.00977

-0.00446253 5.00977
-0.0044421 5.01953

-0.00444211 5.01953
-0.00442251 5.0293

-0.00442253 5.0293
-0.00440367 5.03906

-0.0044037 5.03906
-0.0043855 5.04883

-0.00438553 5.04883
-0.00436789 5.05859

-0.00436792 5.05859
-0.00435072 5.06836

-0.00435075 5.06836
-0.00433387 5.07812

-0.0043339 5.07812
-0.00431722 5.08789

-0.00431725 5.08789
-0.00430066 5.09766

-0.00430068 5.09766
-0.00428409 5.10742

-0.00428411 5.10742
-0.00426744 5.11719

-0.00426745 5.11719
-0.00425063 5.12695

-0.00425064 5.12695
-0.00423363 5.13672

-0.00423363 5.13672
-0.00421641 5.14648

-0.00421641 5.14648
-0.00419897 5.15625

-0.00419897 5.15625
-0.00418133 5.16602

-0.00418132 5.16602
-0.00416352 5.17578

-0.00416351 5.17578
-0.00414558 5.18555

-0.00414557 5.18555
-0.00412756 5.19531

-0.00412755 5.19531
-0.00410952 5.20508

-0.00410951 5.20508
-0.00409151 5.21484

-0.0040915 5.21484
-0.0040736 5.22461

-0.00407359 5.22461
-0.00405583 5.23438

-0.00405582 5.23438
-0.00403825 5.24414

-0.00403824 5.24414
-0.00402089 5.25391

-0.00402088 5.25391
-0.00400377 5.26367

-0.00400377 5.26367
-0.00398691 5.27344

-0.00398691 5.27344
-0.00397032 5.2832

-0.00397033 5.2832
-0.00395399 5.29297

-0.003954 5.29297
-0.0039379 5.30273

-0.00393791 5.30273
-0.00392204 5.3125

-0.00392205 5.3125
-0.00390638 5.32227

-0.00390625 5.32235
-0.00389089 5.33203

-0.0038909 5.33203
-0.00387555 5.3418

-0.00387556 5.3418
-0.00386033 5.35156

-0.00386033 5.35156
-0.00384519 5.36133

-0.0038452 5.36133
-0.00383013 5.37109

-0.00383013 5.37109
-0.00381512 5.38086

-0.00381512 5.38086
-0.00380015 5.39062

-0.00380015 5.39062
-0.00378522 5.40039

-0.00378522 5.40039
-0.00377032 5.41016

-0.00377032 5.41016
-0.00375546 5.41992

-0.00375546 5.41992
-0.00374064 5.42969

-0.00374064 5.42969
-0.00372588 5.43945

-0.00372588 5.43945
-0.00371119 5.44922

-0.00371118 5.44922
-0.00369657 5.45898

-0.00369656 5.45898
-0.00368203 5.46875

-0.00368203 5.46875
-0.0036676 5.47852

-0.0036676 5.47852
-0.00365328 5.48828

-0.00365328 5.48828
-0.00363908 5.49805

-0.00363908 5.49805
-0.003625 5.50781

-0.003625 5.50781
-0.00361104 5.51758

-0.00361104 5.51758
-0.00359721 5.52734

-0.00359721 5.52734
-0.0035835 5.53711

-0.0035835 5.53711
-0.00356991 5.54688

-0.00356991 5.54688
-0.00355644 5.55664

-0.00355644 5.55664
-0.00354307 5.56641

-0.00354307 5.56641
-0.00352981 5.57617

-0.00352981 5.57617
-0.00351664 5.58594

-0.00351664 5.58594
-0.00350356 5.5957

-0.00350357 5.5957
-0.00349058 5.60547

-0.00349058 5.60547
-0.00347767 5.61523

-0.00347767 5.61523
-0.00346485 5.625

-0.00346485 5.625
-0.0034521 5.63477

-0.0034521 5.63477
-0.00343944 5.64453

-0.00343944 5.64453
-0.00342685 5.6543

-0.00342685 5.6543
-0.00341435 5.66406

-0.00341435 5.66406
-0.00340192 5.67383

-0.00340192 5.67383
-0.00338959 5.68359

-0.00338959 5.68359
-0.00337734 5.69336

-0.00337733 5.69336
-0.00336517 5.70312

-0.00336517 5.70312
-0.0033531 5.71289

-0.0033531 5.71289
-0.00334111 5.72266

-0.00334111 5.72266
-0.00332921 5.73242

-0.00332921 5.73242
-0.0033174 5.74219

-0.0033174 5.74219
-0.00330568 5.75195

-0.00330568 5.75195
-0.00329405 5.76172

-0.00329405 5.76172
-0.0032825 5.77148

-0.0032825 5.77148
-0.00327104 5.78125

-0.00327104 5.78125
-0.00325966 5.79102

-0.00325966 5.79102
-0.00324836 5.80078

-0.00324836 5.80078
-0.00323715 5.81055

-0.00323715 5.81055
-0.00322601 5.82031

-0.00322601 5.82031
-0.00321495 5.83008

-0.00321495 5.83008
-0.00320396 5.83984

-0.00320396 5.83984
-0.00319305 5.84961

-0.00319305 5.84961
-0.00318222 5.85938

-0.00318222 5.85938
-0.00317147 5.86914

-0.00317147 5.86914
-0.00316079 5.87891

-0.00316079 5.87891
-0.00315018 5.88867

-0.00315018 5.88867
-0.00313965 5.89844

-0.00313965 5.89844
-0.00312919 5.9082

-0.00312919 5.9082
-0.0031188 5.91797

-0.0031188 5.91797
-0.00310849 5.92773

-0.00310849 5.92773
-0.00309825 5.9375

-0.00309825 5.9375
-0.00308808 5.94727

-0.00308808 5.94727
-0.00307799 5.95703

-0.00307799 5.95703
-0.00306796 5.9668

-0.00306796 5.9668
-0.003058 5.97656

-0.003058 5.97656
-0.00304811 5.98633

-0.00304811 5.98633
-0.00303829 5.99609

-0.00303829 5.99609
-0.00302854 6.00586

-0.00302854 6.00586
-0.00301885 6.01562

-0.00301885 6.01562
-0.00300922 6.02539

-0.00300922 6.02539
-0.00299966 6.03516

-0.00299966 6.03516
-0.00299017 6.04492

-0.00299017 6.04492
-0.00298073 6.05469

-0.00298074 6.05469
-0.00297137 6.06445

-0.00297137 6.06445
-0.00296206 6.07422

-0.00296206 6.07422
-0.00295281 6.08398

-0.00295281 6.08398
-0.00294363 6.09375

-0.00294363 6.09375
-0.00293451 6.10352

-0.00293451 6.10352
-0.00292544 6.11328

-0.00292544 6.11328
-0.00291644 6.12305

-0.00291644 6.12305
-0.0029075 6.13281

-0.0029075 6.13281
-0.00289861 6.14258

-0.00289861 6.14258
-0.00288978 6.15234

-0.00288978 6.15234
-0.00288101 6.16211

-0.00288101 6.16211
-0.00287229 6.17188

-0.00287229 6.17188
-0.00286363 6.18164

-0.00286363 6.18164
-0.00285503 6.19141

-0.00285503 6.19141
-0.00284648 6.20117

-0.00284648 6.20117
-0.00283798 6.21094

-0.00283798 6.21094
-0.00282954 6.2207

-0.00282954 6.2207
-0.00282115 6.23047

-0.00282115 6.23047
-0.00281282 6.24023

-0.00281282 6.24023
-0.00280453 6.25

-0.00280453 6.25
-0.0027963 6.25977

-0.0027963 6.25977
-0.00278812 6.26953

-0.00278812 6.26953
-0.00277999 6.2793

-0.00277999 6.2793
-0.00277191 6.28906

-0.00277191 6.28906
-0.00276388 6.29883

-0.00276388 6.29883
-0.0027559 6.30859

-0.0027559 6.30859
-0.00274796 6.31836

-0.00274796 6.31836
-0.00274008 6.32812

-0.00274008 6.32812
-0.00273224 6.33789

-0.00273224 6.33789
-0.00272445 6.34766

-0.00272445 6.34766
-0.00271671 6.35742

-0.00271671 6.35742
-0.00270901 6.36719

-0.00270901 6.36719
-0.00270137 6.37695

-0.00270137 6.37695
-0.00269376 6.38672

-0.00269376 6.38672
-0.0026862 6.39648

-0.0026862 6.39648
-0.00267869 6.40625

-0.00267869 6.40625
-0.00267122 6.41602

-0.00267122 6.41602
-0.0026638 6.42578

-0.0026638 6.42578
-0.00265642 6.43555

-0.00265642 6.43555
-0.00264908 6.44531

-0.00264908 6.44531
-0.00264179 6.45508

-0.00264179 6.45508
-0.00263454 6.46484

-0.00263454 6.46484
-0.00262733 6.47461

-0.00262733 6.47461
-0.00262017 6.48438

-0.00262017 6.48438
-0.00261305 6.49414

-0.00261305 6.49414
-0.00260596 6.50391

-0.00260596 6.50391
-0.00259892 6.51367

-0.00259892 6.51367
-0.00259192 6.52344

-0.00259193 6.52344
-0.00258497 6.5332

-0.00258497 6.5332
-0.00257805 6.54297

-0.00257805 6.54297
-0.00257117 6.55273

-0.00257117 6.55273
-0.00256433 6.5625

-0.00256433 6.5625
-0.00255753 6.57227

-0.00255753 6.57227
-0.00255077 6.58203

-0.00255077 6.58203
-0.00254405 6.5918

-0.00254405 6.5918
-0.00253736 6.60156

-0.00253736 6.60156
-0.00253072 6.61133

-0.00253072 6.61133
-0.00252411 6.62109

-0.00252411 6.62109
-0.00251754 6.63086

-0.00251754 6.63086
-0.00251101 6.64062

-0.00251101 6.64062
-0.00250452 6.65039

-0.00250452 6.65039
-0.00249806 6.66016

-0.00249806 6.66016
-0.00249164 6.66992

-0.00249164 6.66992
-0.00248525 6.67969

-0.00248525 6.67969
-0.00247891 6.68945

-0.00247891 6.68945
-0.00247259 6.69922

-0.00247259 6.69922
-0.00246632 6.70898

-0.00246632 6.70898
-0.00246008 6.71875

-0.00246008 6.71875
-0.00245387 6.72852

-0.00245387 6.72852
-0.00244771 6.73828

-0.00244771 6.73828
-0.00244157 6.74805

-0.00244157 6.74805
-0.00243547 6.75781

-0.00243547 6.75781
-0.00242941 6.76758

-0.00242941 6.76758
-0.00242338 6.77734

-0.00242338 6.77734
-0.00241738 6.78711

-0.00241738 6.78711
-0.00241142 6.79688

-0.00241142 6.79688
-0.00240549 6.80664

-0.00240549 6.80664
-0.0023996 6.81641

-0.0023996 6.81641
-0.00239373 6.82617

-0.00239373 6.82617
-0.00238791 6.83594

-0.00238791 6.83594
-0.00238211 6.8457

-0.00238211 6.8457
-0.00237635 6.85547

-0.00237635 6.85547
-0.00237062 6.86523

-0.00237062 6.86523
-0.00236492 6.875

-0.00236492 6.875
-0.00235926 6.88477

-0.00235926 6.88477
-0.00235363 6.89453

-0.00235363 6.89453
-0.00234803 6.9043

-0.00234803 6.9043
-0.00234246 6.91406

-0.00234246 6.91406
-0.00233692 6.92383

-0.00233692 6.92383
-0.00233142 6.93359

-0.00233142 6.93359
-0.00232594 6.94336

-0.00232594 6.94336
-0.0023205 6.95312

-0.0023205 6.95312
-0.00231509 6.96289

-0.00231509 6.96289
-0.00230971 6.97266

-0.00230971 6.97266
-0.00230436 6.98242

-0.00230436 6.98242
-0.00229904 6.99219

-0.00229904 6.99219
-0.00229375 7.00195

-0.00229375 7.00195
-0.00228849 7.01172

-0.00228849 7.01172
-0.00228327 7.02148

-0.00228327 7.02148
-0.00227807 7.03125

-0.00227807 7.03125
-0.0022729 7.04102

-0.0022729 7.04102
-0.00226776 7.05078

-0.00226776 7.05078
-0.00226266 7.06055

-0.00226266 7.06055
-0.00225758 7.07031

-0.00225758 7.07031
-0.00225253 7.08008

-0.00225253 7.08008
-0.00224751 7.08984

-0.00224751 7.08984
-0.00224252 7.09961

-0.00224252 7.09961
-0.00223756 7.10938

-0.00223756 7.10938
-0.00223262 7.11914

-0.00223262 7.11914
-0.00222772 7.12891

-0.00222772 7.12891
-0.00222284 7.13867

-0.00222284 7.13867
-0.00221799 7.14844

-0.00221799 7.14844
-0.00221318 7.1582

-0.00221318 7.1582
-0.00220838 7.16797

-0.00220838 7.16797
-0.00220362 7.17773

-0.00220362 7.17773
-0.00219889 7.1875

-0.00219889 7.1875
-0.00219418 7.19727

-0.00219418 7.19727
-0.0021895 7.20703

-0.0021895 7.20703
-0.00218485 7.2168

-0.00218485 7.2168
-0.00218022 7.22656

-0.00218022 7.22656
-0.00217563 7.23633

-0.00217563 7.23633
-0.00217106 7.24609

-0.00217106 7.24609
-0.00216651 7.25586

-0.00216651 7.25586
-0.002162 7.26562

-0.002162 7.26562
-0.00215751 7.27539

-0.00215751 7.27539
-0.00215305 7.28516

-0.00215305 7.28516
-0.00214861 7.29492

-0.00214861 7.29492
-0.0021442 7.30469

-0.0021442 7.30469
-0.00213982 7.31445

-0.00213982 7.31445
-0.00213546 7.32422

-0.00213546 7.32422
-0.00213113 7.33398

-0.00213113 7.33398
-0.00212683 7.34375

-0.00212683 7.34375
-0.00212255 7.35352

-0.00212255 7.35352
-0.0021183 7.36328

-0.0021183 7.36328
-0.00211407 7.37305

-0.00211407 7.37305
-0.00210987 7.38281

-0.00210987 7.38281
-0.0021057 7.39258

-0.0021057 7.39258
-0.00210155 7.40234

-0.00210155 7.40234
-0.00209742 7.41211

-0.00209742 7.41211
-0.00209332 7.42188

-0.00209332 7.42188
-0.00208925 7.43164

-0.00208925 7.43164
-0.0020852 7.44141

-0.0020852 7.44141
-0.00208117 7.45117

-0.00208117 7.45117
-0.00207718 7.46094

-0.00207718 7.46094
-0.0020732 7.4707

-0.0020732 7.4707
-0.00206925 7.48047

-0.00206925 7.48047
-0.00206532 7.49023

-0.00206532 7.49023
-0.00206142 7.5

-0.00206142 7.5
-0.00205755 7.50977

-0.00205755 7.50977
-0.00205369 7.51953

-0.00205369 7.51953
-0.00204986 7.5293

-0.00204986 7.5293
-0.00204606 7.53906

-0.00204606 7.53906
-0.00204228 7.54883

-0.00204228 7.54883
-0.00203852 7.55859

-0.00203852 7.55859
-0.00203479 7.56836

-0.00203479 7.56836
-0.00203108 7.57812

-0.00203108 7.57812
-0.00202739 7.58789

-0.00202739 7.58789
-0.00202373 7.59766

-0.00202373 7.59766
-0.00202009 7.60742

-0.00202009 7.60742
-0.00201647 7.61719

-0.00201647 7.61719
-0.00201288 7.62695

-0.00201288 7.62695
-0.00200931 7.63672

-0.00200931 7.63672
-0.00200576 7.64648

-0.00200576 7.64648
-0.00200224 7.65625

-0.00200224 7.65625
-0.00199873 7.66602

-0.00199873 7.66602
-0.00199525 7.67578

-0.00199525 7.67578
-0.00199179 7.68555

-0.00199179 7.68555
-0.00198836 7.69531

-0.00198836 7.69531
-0.00198494 7.70508

-0.00198494 7.70508
-0.00198155 7.71484

-0.00198155 7.71484
-0.00197818 7.72461

-0.00197818 7.72461
-0.00197483 7.73438

-0.00197483 7.73438
-0.0019715 7.74414

-0.0019715 7.74414
-0.00196819 7.75391

-0.00196819 7.75391
-0.00196491 7.76367

-0.00196491 7.76367
-0.00196164 7.77344

-0.00196164 7.77344
-0.0019584 7.7832

-0.0019584 7.7832
-0.00195518 7.79297

-0.00195518 7.79297
-0.00195198 7.80273

-0.00195198 7.80273
-0.0019488 7.8125

-0.0019488 7.8125
-0.00194565 7.82227

-0.00194565 7.82227
-0.00194251 7.83203

-0.00194251 7.83203
-0.0019394 7.8418

-0.0019394 7.8418
-0.0019363 7.85156

-0.0019363 7.85156
-0.00193323 7.86133

-0.00193323 7.86133
-0.00193018 7.87109

-0.00193018 7.87109
-0.00192715 7.88086

-0.00192715 7.88086
-0.00192414 7.89062

-0.00192414 7.89062
-0.00192115 7.90039

-0.00192115 7.90039
-0.00191818 7.91016

-0.00191818 7.91016
-0.00191523 7.91992

-0.00191523 7.91992
-0.0019123 7.92969

-0.0019123 7.92969
-0.00190939 7.93945

-0.00190939 7.93945
-0.0019065 7.94922

-0.0019065 7.94922
-0.00190363 7.95898

-0.00190363 7.95898
-0.00190078 7.96875

-0.00190078 7.96875
-0.00189795 7.97852

-0.00189795 7.97852
-0.00189514 7.98828

-0.00189514 7.98828
-0.00189235 7.99805

-0.00189235 7.99805
-0.00188958 8.00781

-0.00188958 8.00781
-0.00188683 8.01758

-0.00188683 8.01758
-0.00188409 8.02734

-0.00188409 8.02734
-0.00188138 8.03711

-0.00188138 8.03711
-0.00187868 8.04688

-0.00187868 8.04688
-0.001876 8.05664

-0.001876 8.05664
-0.00187334 8.06641

-0.00187334 8.06641
-0.0018707 8.07617

-0.0018707 8.07617
-0.00186808 8.08594

-0.00186808 8.08594
-0.00186547 8.0957

-0.00186547 8.0957
-0.00186289 8.10547

-0.00186289 8.10547
-0.00186032 8.11523

-0.00186032 8.11523
-0.00185777 8.125

-0.00185777 8.125
-0.00185523 8.13477

-0.00185523 8.13477
-0.00185272 8.14453

-0.00185272 8.14453
-0.00185022 8.1543

-0.00185022 8.1543
-0.00184774 8.16406

-0.00184774 8.16406
-0.00184528 8.17383

-0.00184528 8.17383
-0.00184284 8.18359

-0.00184284 8.18359
-0.00184041 8.19336

-0.00184041 8.19336
-0.00183801 8.20312

-0.00183801 8.20312
-0.00183562 8.21289

-0.00183562 8.21289
-0.00183325 8.22266

-0.00183325 8.22266
-0.0018309 8.23242

-0.0018309 8.23242
-0.00182856 8.24219

-0.00182856 8.24219
-0.00182625 8.25195

-0.00182625 8.25195
-0.00182395 8.26172

-0.00182395 8.26172
-0.00182167 8.27148

-0.00182167 8.27148
-0.00181941 8.28125

-0.00181941 8.28125
-0.00181717 8.29102

-0.00181717 8.29102
-0.00181494 8.30078

-0.00181494 8.30078
-0.00181273 8.31055

-0.00181273 8.31055
-0.00181054 8.32031

-0.00181054 8.32031
-0.00180837 8.33008

-0.00180837 8.33008
-0.00180622 8.33984

-0.00180622 8.33984
-0.00180408 8.34961

-0.00180408 8.34961
-0.00180196 8.35938

-0.00180196 8.35938
-0.00179985 8.36914

-0.00179985 8.36914
-0.00179777 8.37891

-0.00179777 8.37891
-0.0017957 8.38867

-0.0017957 8.38867
-0.00179364 8.39844

-0.00179364 8.39844
-0.0017916 8.4082

-0.0017916 8.4082
-0.00178958 8.41797

-0.00178958 8.41797
-0.00178758 8.42773

-0.00178758 8.42773
-0.00178558 8.4375

-0.00178558 8.4375
-0.00178361 8.44727

-0.00178361 8.44727
-0.00178165 8.45703

-0.00178165 8.45703
-0.0017797 8.4668

-0.0017797 8.4668
-0.00177777 8.47656

-0.00177777 8.47656
-0.00177585 8.48633

-0.00177585 8.48633
-0.00177395 8.49609

-0.00177395 8.49609
-0.00177206 8.50586

-0.00177206 8.50586
-0.00177019 8.51562

-0.00177019 8.51562
-0.00176832 8.52539

-0.00176832 8.52539
-0.00176648 8.53516

-0.00176648 8.53516
-0.00176464 8.54492

-0.00176464 8.54492
-0.00176282 8.55469

-0.00176282 8.55469
-0.00176101 8.56445

-0.00176101 8.56445
-0.00175922 8.57422

-0.00175922 8.57422
-0.00175744 8.58398

-0.00175744 8.58398
-0.00175567 8.59375

-0.00175567 8.59375
-0.00175391 8.60352

-0.00175391 8.60352
-0.00175217 8.61328

-0.00175217 8.61328
-0.00175044 8.62305

-0.00175044 8.62305
-0.00174873 8.63281

-0.00174873 8.63281
-0.00174703 8.64258

-0.00174703 8.64258
-0.00174534 8.65234

-0.00174534 8.65234
-0.00174366 8.66211

-0.00174366 8.66211
-0.001742 8.67188

-0.001742 8.67188
-0.00174036 8.68164

-0.00174036 8.68164
-0.00173873 8.69141

-0.00173873 8.69141
-0.00173711 8.70117

-0.00173711 8.70117
-0.0017355 8.71094

-0.0017355 8.71094
-0.00173391 8.7207

-0.00173391 8.7207
-0.00173234 8.73047

-0.00173234 8.73047
-0.00173078 8.74023

-0.00173078 8.74023
-0.00172923 8.75

-0.00172923 8.75
-0.0017277 8.75977

-0.0017277 8.75977
-0.00172619 8.76953

-0.00172619 8.76953
-0.00172468 8.7793

-0.00172468 8.7793
-0.0017232 8.78906

-0.0017232 8.78906
-0.00172173 8.79883

-0.00172173 8.79883
-0.00172027 8.80859

-0.00172027 8.80859
-0.00171883 8.81836

-0.00171883 8.81836
-0.00171741 8.82812

-0.00171741 8.82812
-0.001716 8.83789

-0.001716 8.83789
-0.0017146 8.84766

-0.0017146 8.84766
-0.00171322 8.85742

-0.00171322 8.85742
-0.00171185 8.86719

-0.00171185 8.86719
-0.0017105 8.87695

-0.0017105 8.87695
-0.00170917 8.88672

-0.00170917 8.88672
-0.00170785 8.89648

-0.00170785 8.89648
-0.00170654 8.90625

-0.00170654 8.90625
-0.00170525 8.91602

-0.00170525 8.91602
-0.00170397 8.92578

-0.00170397 8.92578
-0.0017027 8.93555

-0.0017027 8.93555
-0.00170145 8.94531

-0.00170145 8.94531
-0.00170021 8.95508

-0.00170021 8.95508
-0.00169899 8.96484

-0.00169899 8.96484
-0.00169777 8.97461

-0.00169777 8.97461
-0.00169657 8.98438

-0.00169657 8.98438
-0.00169538 8.99414

-0.00169538 8.99414
-0.00169421 9.00391

-0.00169421 9.00391
-0.00169304 9.01367

-0.00169304 9.01367
-0.00169189 9.02344

-0.00169189 9.02344
-0.00169074 9.0332

-0.00169074 9.0332
-0.00168961 9.04297

-0.00168961 9.04297
-0.00168849 9.05273

-0.00168849 9.05273
-0.00168738 9.0625

-0.00168738 9.0625
-0.00168628 9.07227

-0.00168628 9.07227
-0.00168518 9.08203

-0.00168518 9.08203
-0.0016841 9.0918

-0.0016841 9.0918
-0.00168302 9.10156

-0.00168302 9.10156
-0.00168196 9.11133

-0.00168196 9.11133
-0.0016809 9.12109

-0.0016809 9.12109
-0.00167985 9.13086

-0.00167985 9.13086
-0.00167881 9.14062

-0.00167881 9.14062
-0.00167778 9.15039

-0.00167778 9.15039
-0.00167675 9.16016

-0.00167675 9.16016
-0.00167573 9.16992

-0.00167573 9.16992
-0.00167472 9.17969

-0.00167472 9.17969
-0.00167372 9.18945

-0.00167372 9.18945
-0.00167272 9.19922

-0.00167272 9.19922
-0.00167173 9.20898

-0.00167173 9.20898
-0.00167075 9.21875

-0.00167075 9.21875
-0.00166977 9.22852

-0.00166977 9.22852
-0.0016688 9.23828

-0.0016688 9.23828
-0.00166784 9.24805

-0.00166784 9.24805
-0.00166688 9.25781

-0.00166688 9.25781
-0.00166593 9.26758

-0.00166593 9.26758
-0.00166499 9.27734

-0.00166499 9.27734
-0.00166406 9.28711

-0.00166406 9.28711
-0.00166313 9.29688

-0.00166313 9.29688
-0.00166221 9.30664

-0.00166221 9.30664
-0.00166129 9.31641

-0.00166129 9.31641
-0.00166039 9.32617

-0.00166039 9.32617
-0.00165949 9.33594

-0.00165949 9.33594
-0.0016586 9.3457

-0.0016586 9.3457
-0.00165772 9.35547

-0.00165772 9.35547
-0.00165684 9.36523

-0.00165684 9.36523
-0.00165597 9.375

-0.00165597 9.375
-0.00165512 9.38477

-0.00165512 9.38477
-0.00165427 9.39453

-0.00165427 9.39453
-0.00165343 9.4043

-0.00165343 9.4043
-0.00165259 9.41406

-0.00165259 9.41406
-0.00165177 9.42383

-0.00165177 9.42383
-0.00165096 9.43359

-0.00165096 9.43359
-0.00165015 9.44336

-0.00165015 9.44336
-0.00164936 9.45312

-0.00164936 9.45312
-0.00164858 9.46289

-0.00164858 9.46289
-0.0016478 9.47266

-0.0016478 9.47266
-0.00164704 9.48242

-0.00164704 9.48242
-0.00164629 9.49219

-0.00164629 9.49219
-0.00164555 9.50195

-0.00164555 9.50195
-0.00164482 9.51172

-0.00164482 9.51172
-0.0016441 9.52148

-0.0016441 9.52148
-0.00164339 9.53125

-0.00164339 9.53125
-0.0016427 9.54102

-0.0016427 9.54102
-0.00164202 9.55078

-0.00164202 9.55078
-0.00164135 9.56055

-0.00164135 9.56055
-0.00164069 9.57031

-0.00164069 9.57031
-0.00164004 9.58008

-0.00164004 9.58008
-0.00163941 9.58984

-0.00163941 9.58984
-0.00163879 9.59961

-0.00163879 9.59961
-0.00163819 9.60938

-0.00163819 9.60938
-0.0016376 9.61914

-0.0016376 9.61914
-0.00163702 9.62891

-0.00163702 9.62891
-0.00163646 9.63867

-0.00163646 9.63867
-0.00163591 9.64844

-0.00163591 9.64844
-0.00163537 9.6582

-0.00163537 9.6582
-0.00163485 9.66797

-0.00163485 9.66797
-0.00163434 9.67773

-0.00163434 9.67773
-0.00163385 9.6875

-0.00163385 9.6875
-0.00163337 9.69727

-0.00163337 9.69727
-0.0016329 9.70703

-0.0016329 9.70703
-0.00163245 9.7168

-0.00163245 9.7168
-0.00163202 9.72656

-0.00163202 9.72656
-0.0016316 9.73633

-0.0016316 9.73633
-0.00163119 9.74609

-0.00163119 9.74609
-0.00163081 9.75586

-0.00163081 9.75586
-0.00163043 9.76562

-0.00163043 9.76562
-0.00163007 9.77539

-0.00163007 9.77539
-0.00162973 9.78516

-0.00162973 9.78516
-0.0016294 9.79492

-0.0016294 9.79492
-0.00162908 9.80469

-0.00162908 9.80469
-0.00162878 9.81445

-0.00162878 9.81445
-0.0016285 9.82422

-0.0016285 9.82422
-0.00162823 9.83398

-0.00162823 9.83398
-0.00162798 9.84375

-0.00162798 9.84375
-0.00162774 9.85352

-0.00162774 9.85352
-0.00162752 9.86328

-0.00162752 9.86328
-0.00162731 9.87305

-0.00162731 9.87305
-0.00162712 9.88281

-0.00162712 9.88281
-0.00162695 9.89258

-0.00162695 9.89258
-0.00162679 9.90234

-0.00162679 9.90234
-0.00162664 9.91211

-0.00162664 9.91211
-0.00162651 9.92188

-0.00162651 9.92188
-0.0016264 9.93164

-0.0016264 9.93164
-0.0016263 9.94141

-0.0016263 9.94141
-0.00162621 9.95117

-0.00162621 9.95117
-0.00162614 9.96094

-0.00162614 9.96094
-0.00162609 9.9707

-0.00162609 9.9707
-0.00162605 9.98047

-0.00162605 9.98047
-0.00162603 9.99023

-0.00162603 9.99023
-0.00162602 10

