-0.700294 0.429688
-0.712054 0.46875

-0.711838 0.46875
-0.716264 0.507812

-0.715976 0.507812
-0.714079 0.546875

-0.713776 0.546875
-0.706737 0.585938

-0.706478 0.585938
-0.69542 0.625

-0.570312 0.284734
-0.608192 0.3125

-0.53125 0.261372
-0.492188 0.240697

-0.453125 0.222885
-0.414062 0.207086

-0.650758 0.351562
-0.680727 0.390625

-0.648438 0.348985
-0.610014 0.3125

-0.68066 0.664062
-0.663541 0.703125

-0.644147 0.742188
-0.623183 0.78125

-0.600673 0.820312
-0.57698 0.859375

-0.526338 0.9375
-0.499492 0.976562

-0.443822 1.05469
-0.415795 1.09375

-0.375 0.193269
-0.335938 0.180684

-0.335938 0.180689
-0.296875 0.169435

-0.296875 0.169602
-0.257812 0.159336

-0.21875 0.149742
-0.179688 0.141168

-0.179688 0.141228
-0.140625 0.133536

-0.140625 0.133714
-0.101562 0.126431

-0.101562 0.126529
-0.0625 0.119101

-0.0234375 0.111381
0.015625 0.104441

0.015625 0.10447
0.0546875 0.0981999

0.0546875 0.0981254
0.09375 0.0926166

0.09375 0.0926472
0.132812 0.0879874

0.132812 0.0877138
0.171875 0.0843887

0.171875 0.0840245
0.210938 0.0833097

0.210938 0.0832051
0.25 0.0860385

-0.330953 1.21094
-0.303331 1.25

-0.249471 1.32812
-0.223734 1.36719

-0.174625 1.44531
-0.151616 1.48438

-0.129672 1.52344
-0.108994 1.5625

-0.0895445 1.60156
-0.0713891 1.64062

-0.0544888 1.67969
-0.0389709 1.71875

-0.0389506 1.71875
-0.0247824 1.75781

-0.0119978 1.79688
-0.000565339 1.83594

-0.000564999 1.83594
0.00950824 1.875

0.0181863 1.91406
0.0254506 1.95312

0.0254575 1.95312
0.0313293 1.99219

0.0313292 1.99219
0.0357951 2.03125

0.0357886 2.03125
0.0388615 2.07031

0.0388601 2.07031
0.0405558 2.10938

0.0405493 2.10938
0.0408837 2.14844

0.0408727 2.14844
0.0398808 2.1875

0.0398718 2.1875
0.0375938 2.22656

0.0375751 2.22656
0.0340663 2.26562

0.0340522 2.26562
0.0293782 2.30469

0.0293299 2.30469
0.0236156 2.34375

0.00980552 2.42188
0.0021777 2.46094

0.0021029 2.46094
-0.00582419 2.5

0.0235562 2.34375
0.0170173 2.38281

0.25 0.0866745
0.289062 0.0919932

0.289062 0.0931207
0.328125 0.0973981

0.328125 0.098323
0.367188 0.0974545

0.367188 0.0990989
0.40625 0.0879456

0.474037 0
0.462895 0.0390625

-0.0059431 2.5
-0.013782 2.53906

-0.0139251 2.53906
-0.0211519 2.57812

-0.0274864 2.61719
-0.0322106 2.65625

-0.0322964 2.65625
-0.0352333 2.69531

-0.0352555 2.69531
-0.0361894 2.73438

-0.0361324 2.73438
-0.035133 2.77344

-0.0350187 2.77344
-0.0324287 2.8125

-0.0322996 2.8125
-0.0286056 2.85156

-0.0284473 2.85156
-0.0242241 2.89062

-0.0197589 2.92969
-0.0157048 2.96875

-0.0156248 2.96875
-0.0121714 3.00781

-0.0121209 3.00781
-0.00952923 3.04688

-0.00951233 3.04688
-0.00791734 3.08594

-0.00793373 3.08594
-0.0073364 3.125

-0.00738366 3.125
-0.00765667 3.16406

-0.00772913 3.16406
-0.00863303 3.20312

-0.00871987 3.20312
-0.00993607 3.24219

-0.01002 3.24219
-0.0112069 3.28125

-0.011267 3.28125
-0.0121366 3.32031

-0.0121581 3.32031
-0.0125472 3.35938

-0.0125313 3.35938
-0.0124285 3.39844

-0.012387 3.39844
-0.0119071 3.4375

-0.0118579 3.4375
-0.0111822 3.47656

-0.0111423 3.47656
-0.0104489 3.51562

-0.0104273 3.51562
-0.00983897 3.55469

-0.0098362 3.55469
-0.00940152 3.59375

-0.00941124 3.59375
-0.00911634 3.63281

-0.00913025 3.63281
-0.00892787 3.67188

-0.00893955 3.67188
-0.00877854 3.71094

-0.0087851 3.71094
-0.00862897 3.75

-0.00863083 3.75
-0.00846272 3.78906

-0.00846177 3.78906
-0.00827988 3.82812

-0.00827802 3.82812
-0.00808797 3.86719

-0.00808637 3.86719
-0.0078951 3.90625

-0.00789416 3.90625
-0.00770673 3.94531

-0.00770639 3.94531
-0.0075254 3.98438

-0.00752541 3.98438
-0.00735154 4.02344

-0.00735169 4.02344
-0.00718461 4.0625

-0.00718478 4.0625
-0.00702384 4.10156

-0.00702398 4.10156
-0.00686854 4.14062

-0.00686864 4.14062
-0.00671825 4.17969

-0.00671832 4.17969
-0.00657264 4.21875

-0.00657269 4.21875
-0.0064315 4.25781

-0.00643154 4.25781
-0.00629468 4.29688

-0.00629471 4.29688
-0.00616202 4.33594

-0.00616205 4.33594
-0.0060334 4.375

-0.00603343 4.375
-0.00590868 4.41406

-0.00590871 4.41406
-0.00578773 4.45312

-0.00578776 4.45312
-0.00567044 4.49219

-0.00567047 4.49219
-0.00555667 4.53125

-0.0055567 4.53125
-0.00544631 4.57031

-0.00544634 4.57031
-0.00533925 4.60938

-0.00533927 4.60938
-0.00523537 4.64844

-0.00523539 4.64844
-0.00513456 4.6875

-0.00513458 4.6875
-0.00503671 4.72656

-0.00503674 4.72656
-0.00494173 4.76562

-0.00494176 4.76562
-0.00484951 4.80469

-0.00484953 4.80469
-0.00475995 4.84375

-0.00475998 4.84375
-0.00467297 4.88281

-0.00467299 4.88281
-0.00458846 4.92188

-0.00458848 4.92188
-0.00450635 4.96094

-0.00450637 4.96094
-0.00442656 5

-0.00442658 5
-0.00434902 5.03906

-0.00434904 5.03906
-0.00427368 5.07812

-0.0042737 5.07812
-0.00420048 5.11719

-0.00420049 5.11719
-0.00412937 5.15625

-0.00412938 5.15625
-0.00406028 5.19531

-0.0040603 5.19531
-0.00399314 5.23438

-0.00399317 5.23438
-0.00392787 5.27344

-0.00392789 5.27344
-0.00386436 5.3125

-0.00386439 5.3125
-0.00380255 5.35156

-0.00380256 5.35156
-0.00374233 5.39062

-0.00374235 5.39062
-0.00368366 5.42969

-0.00368367 5.42969
-0.00362649 5.46875

-0.00362649 5.46875
-0.00357077 5.50781

-0.00357078 5.50781
-0.00351649 5.54688

-0.0035165 5.54688
-0.00346363 5.58594

-0.00346363 5.58594
-0.00341216 5.625

-0.00341217 5.625
-0.00336208 5.66406

-0.00336209 5.66406
-0.00331338 5.70312

-0.00331338 5.70312
-0.00326602 5.74219

-0.00326603 5.74219
-0.00322 5.78125

-0.00322001 5.78125
-0.00317528 5.82031

-0.00317529 5.82031
-0.00313184 5.85938

-0.00313185 5.85938
-0.00308964 5.89844

-0.00308965 5.89844
-0.00304864 5.9375

-0.00304865 5.9375
-0.0030088 5.97656

-0.00300881 5.97656
-0.00297008 6.01562

-0.00297009 6.01562
-0.00293244 6.05469

-0.00293245 6.05469
-0.00289584 6.09375

-0.00289585 6.09375
-0.00286024 6.13281

-0.00286025 6.13281
-0.00282559 6.17188

-0.0028256 6.17188
-0.00279186 6.21094

-0.00279187 6.21094
-0.002759 6.25

-0.00275901 6.25
-0.00272698 6.28906

-0.00272699 6.28906
-0.00269576 6.32812

-0.00269577 6.32812
-0.0026653 6.36719

-0.00266531 6.36719
-0.00263559 6.40625

-0.00263559 6.40625
-0.00260658 6.44531

-0.00260658 6.44531
-0.00257825 6.48438

-0.00257826 6.48438
-0.00255058 6.52344

-0.00255059 6.52344
-0.00252356 6.5625

-0.00252356 6.5625
-0.00249715 6.60156

-0.00249715 6.60156
-0.00247134 6.64062

-0.00247134 6.64062
-0.00244612 6.67969

-0.00244612 6.67969
-0.00242147 6.71875

-0.00242147 6.71875
-0.00239738 6.75781

-0.00239738 6.75781
-0.00237383 6.79688

-0.00237383 6.79688
-0.00235081 6.83594

-0.00235081 6.83594
-0.00232831 6.875

-0.00232831 6.875
-0.00230631 6.91406

-0.00230631 6.91406
-0.0022848 6.95312

-0.00228481 6.95312
-0.00226378 6.99219

-0.00226379 6.99219
-0.00224324 7.03125

-0.00224324 7.03125
-0.00222316 7.07031

-0.00222316 7.07031
-0.00220353 7.10938

-0.00220353 7.10938
-0.00218435 7.14844

-0.00218435 7.14844
-0.00216561 7.1875

-0.00216561 7.1875
-0.0021473 7.22656

-0.0021473 7.22656
-0.00212942 7.26562

-0.00212942 7.26562
-0.00211196 7.30469

-0.00211196 7.30469
-0.00209491 7.34375

-0.00209491 7.34375
-0.00207826 7.38281

-0.00207827 7.38281
-0.00206201 7.42188

-0.00206202 7.42188
-0.00204616 7.46094

-0.00204616 7.46094
-0.00203068 7.5

-0.00203068 7.5
-0.00201558 7.53906

-0.00201558 7.53906
-0.00200084 7.57812

-0.00200085 7.57812
-0.00198647 7.61719

-0.00198648 7.61719
-0.00197246 7.65625

-0.00197246 7.65625
-0.00195879 7.69531

-0.00195879 7.69531
-0.00194547 7.73438

-0.00194547 7.73438
-0.00193249 7.77344

-0.00193249 7.77344
-0.00191985 7.8125

-0.00191985 7.8125
-0.00190753 7.85156

-0.00190753 7.85156
-0.00189554 7.89062

-0.00189554 7.89062
-0.00188386 7.92969

-0.00188386 7.92969
-0.0018725 7.96875

-0.0018725 7.96875
-0.00186145 8.00781

-0.00186145 8.00781
-0.0018507 8.04688

-0.0018507 8.04688
-0.00184024 8.08594

-0.00184024 8.08594
-0.00183008 8.125

-0.00183008 8.125
-0.0018202 8.16406

-0.0018202 8.16406
-0.0018106 8.20312

-0.0018106 8.20312
-0.00180127 8.24219

-0.00180127 8.24219
-0.00179221 8.28125

-0.00179221 8.28125
-0.00178342 8.32031

-0.00178342 8.32031
-0.00177488 8.35938

-0.00177488 8.35938
-0.00176661 8.39844

-0.00176661 8.39844
-0.00175858 8.4375

-0.00175858 8.4375
-0.00175081 8.47656

-0.00175081 8.47656
-0.00174327 8.51562

-0.00174328 8.51562
-0.00173598 8.55469

-0.00173598 8.55469
-0.00172892 8.59375

-0.00172892 8.59375
-0.00172209 8.63281

-0.00172209 8.63281
-0.00171548 8.67188

-0.00171548 8.67188
-0.00170909 8.71094

-0.00170909 8.71094
-0.00170291 8.75

-0.00170291 8.75
-0.00169694 8.78906

-0.00169694 8.78906
-0.00169117 8.82812

-0.00169117 8.82812
-0.00168559 8.86719

-0.0016856 8.86719
-0.0016802 8.90625

-0.0016802 8.90625
-0.00167499 8.94531

-0.00167499 8.94531
-0.00166995 8.98438

-0.00166995 8.98438
-0.00166509 9.02344

-0.00166508 9.02344
-0.0016604 9.0625

-0.0016604 9.0625
-0.00165591 9.10156

-0.00165591 9.10156
-0.00165162 9.14062

-0.00165162 9.14062
-0.00164752 9.17969

-0.00164753 9.17969
-0.00164362 9.21875

-0.00164363 9.21875
-0.0016399 9.25781

-0.00163991 9.25781
-0.00163632 9.29688

-0.00163633 9.29688
-0.00163286 9.33594

-0.00163287 9.33594
-0.0016295 9.375

-0.0016295 9.375
-0.00162622 9.41406

-0.00162622 9.41406
-0.00162303 9.45312

-0.00162303 9.45312
-0.00161992 9.49219

-0.00161992 9.49219
-0.00161692 9.53125

-0.00161692 9.53125
-0.00161404 9.57031

-0.00161404 9.57031
-0.00161131 9.60938

-0.00161131 9.60938
-0.00160876 9.64844

-0.00160875 9.64844
-0.0016064 9.6875

-0.0016064 9.6875
-0.00160427 9.72656

-0.00160426 9.72656
-0.00160237 9.76562

-0.00160237 9.76562
-0.00160075 9.80469

-0.00160074 9.80469
-0.00159939 9.84375

-0.00159939 9.84375
-0.00159833 9.88281

-0.00159833 9.88281
-0.00159757 9.92188

-0.00159757 9.92188
-0.00159711 9.96094

-0.00159711 9.96094
-0.00159695 10

